{
  "success": true,
  "input_data": {
    "structure": {
      "extras": {},
      "symbols": [
        "C",
        "C",
        "C",
        "O",
        "C",
        "C",
        "H",
        "H",
        "H",
        "H",
        "H",
        "H",
        "H",
        "H"
      ],
      "geometry": [
        [
          -3.9516009638365466,
          -0.81484266305549,
          -0.348721774292939
        ],
        [
          -2.1401196550055217,
          0.6115120505728374,
          -1.3135276778039078
        ],
        [
          -0.36330011790156874,
          2.17681353577367,
          0.24322092460648348
        ],
        [
          2.162861124765055,
          2.107821483229982,
          -0.6730905918794154
        ],
        [
          3.535932693306116,
          0.0011131816643119834,
          -0.1897291777376916
        ],
        [
          2.837988945012872,
          -2.072532425023329,
          1.0374017294377746
        ],
        [
          -4.192969896997423,
          -0.9995827261205703,
          1.678375283577064
        ],
        [
          -5.258478657345038,
          -1.841012812282832,
          -1.538478942438538
        ],
        [
          -1.906965610316536,
          0.7734486764145748,
          -3.345600050502024
        ],
        [
          -0.8961541707041561,
          4.1640969526974265,
          0.11962471365327224
        ],
        [
          -0.4241367302226724,
          1.6113291435919677,
          2.2315824706302534
        ],
        [
          5.41972627326929,
          0.21359301198484873,
          -0.9589224739065951
        ],
        [
          0.9643878610511839,
          -2.370421537784044,
          1.7848890885239026
        ],
        [
          4.212828998707028,
          -3.5613364373399707,
          1.2729759908913019
        ]
      ],
      "charge": 0,
      "multiplicity": 1,
      "identifiers": {
        "extras": {},
        "name": null,
        "name_IUPAC": null,
        "smiles": null,
        "canonical_smiles": null,
        "canonical_smiles_program": null,
        "canonical_explicit_hydrogen_smiles": null,
        "canonical_isomeric_smiles": null,
        "canonical_isomeric_explicit_hydrogen_smiles": null,
        "canonical_isomeric_explicit_hydrogen_mapped_smiles": null,
        "inchi": null,
        "inchikey": null,
        "pubchem_cid": null,
        "pubchem_sid": null,
        "pubchem_conformerid": null
      },
      "connectivity": []
    }
  },
  "results": {
    "hessian": [
      [
        0.5677409771016578,
        0.3581107484449882,
        -0.059730707259244675,
        -0.33754988518200285,
        -0.2244975474796968,
        0.13440001759743136,
        -0.01219350903970711,
        -0.016945452961580808,
        0.006798310468230857,
        -0.0035263330682386166,
        -0.0003352063908963187,
        -0.0013039955863712567,
        0.000638976871208992,
        -0.0017129974837608692,
        0.0005443774478270183,
        -3.3468342593475235e-05,
        0.0007305056441272177,
        -0.0004897624878207914,
        -0.05275098723568269,
        -0.01216579986467135,
        0.029938902722836246,
        -0.16352585497870525,
        -0.09966765058044755,
        -0.11052041699023772,
        0.002384936004509366,
        -0.004485785726107843,
        -0.00021688330441828433,
        -0.0010241275478962458,
        -0.0006260080193367552,
        -0.0006737565880622174,
        0.0006465584482036029,
        0.001457968866013049,
        0.001509349890499875,
        -5.2609199775420284e-05,
        0.0002073734356226482,
        0.00014725397225647072,
        -0.0006991742982369216,
        -3.431787766636397e-05,
        -0.0003097820304637156,
        -8.411642376291678e-05,
        -2.7598853270739183e-05,
        -8.545241812638139e-05
      ],
      [
        0.3581107484449882,
        0.39338250288170973,
        -0.04720443160663425,
        -0.22366444844845584,
        -0.2268408855550682,
        0.10543707333107492,
        -0.016737002184178514,
        -0.008881546769541435,
        0.0052858259008481,
        -0.0036599425507192838,
        0.0009149662528855176,
        -0.0016240908933827522,
        0.0015015416387572983,
        -0.0034322660192256894,
        0.0010773961136676137,
        0.00046000201774315774,
        0.0009172375282003183,
        0.0007714511405168014,
        -0.01239764622283221,
        -0.04605613468809245,
        0.02400336360463311,
        -0.10040279895355742,
        -0.11436280186719036,
        -0.0871430222993025,
        -0.003855153796603363,
        0.003552903395452589,
        -0.00010402361704659083,
        -0.0008417596479534101,
        0.00014260020667562675,
        -0.0001593543287460599,
        0.0006057502018174671,
        0.0006719171550263105,
        0.0005580154995872021,
        -0.00019088673881666524,
        0.00015258917702969365,
        -0.0002573796961574112,
        0.0007057881919597972,
        -0.0002834209741312873,
        -0.0006504597441779122,
        0.0003463250561241291,
        0.00013319589303728395,
        1.513259110185765e-05
      ],
      [
        -0.059730707259244675,
        -0.04720443160663425,
        0.6711959252184986,
        0.13352825198583745,
        0.10498866398630347,
        -0.18662675679623092,
        -0.009183246897224773,
        -0.010010456063884763,
        0.01158894090354434,
        -0.0064890680991209065,
        -0.0010559749255005398,
        -0.00038614736640302043,
        0.0006432016244079222,
        -0.0016854042902840825,
        0.0005885612660763168,
        -0.0003451104643410342,
        0.0008102798739666049,
        -0.0010905849900299143,
        0.026749742682399026,
        0.021476074018969785,
        -0.32878885014126247,
        -0.10609066959156878,
        -0.08430898353682767,
        -0.15824071674282292,
        0.02452237887901363,
        0.019821053483572805,
        -0.008700789929948353,
        -0.0016914837579626004,
        -0.0024123270018470504,
        -0.0011995163559111554,
        -0.0007336867313205461,
        -0.0007924560508383662,
        0.0012282848056030353,
        -0.00013868419523702905,
        0.000303114227203402,
        0.00013281074405852895,
        -0.0008627144690984604,
        5.7212027210653456e-05,
        0.0003553162048036425,
        -0.00015915340606059998,
        1.304016527608661e-05,
        -6.0208888110692725e-05
      ],
      [
        -0.33754988518200285,
        -0.22366444844845584,
        0.13352825198583745,
        0.5515876172566279,
        0.3177914177000025,
        -0.11513887677638004,
        -0.1172523576016464,
        -0.04387881050265245,
        -0.046130682372359164,
        -0.04249569364979584,
        -0.019764959265668586,
        -0.012847149322785809,
        0.00025989773848871715,
        -0.004261031912213458,
        -0.0004957025123257055,
        -0.00042853356334426396,
        0.0009272474397920224,
        -0.002177069176348549,
        0.001901222138490029,
        -0.0030501172972530344,
        0.0009737358553930384,
        -0.009835628990420054,
        -0.013244964920409826,
        0.010386488812507876,
        -0.051948770445681566,
        -0.009712321323404409,
        0.029741518540557357,
        0.004628723256503285,
        -0.0008638951021178161,
        0.0025074981351660692,
        0.0023055316422050448,
        -0.0015840540769129071,
        -0.0011422273555026928,
        0.00025953437971670097,
        0.0006418398779819568,
        0.0009033670711507906,
        -0.0012239095726322836,
        0.0006073462637132389,
        -0.0002464172412428012,
        -0.00018090286227715916,
        5.170787758782515e-05,
        0.00013646668796482163
      ],
      [
        -0.2244975474796968,
        -0.2268408855550682,
        0.10498866398630347,
        0.3177914177000025,
        0.4101407996161656,
        -0.07662292108598269,
        -0.04925595240353972,
        -0.12402884588530835,
        -0.047755306851660614,
        -0.003772652253551119,
        0.00258275528344867,
        0.004364315794189922,
        6.254751497357588e-05,
        0.0043125446684046265,
        -0.0005607431665371767,
        -0.001069737280485491,
        -0.0006459183255071003,
        0.00041874395923232016,
        -0.003835730091218431,
        0.004245972898433037,
        0.0006356344798879011,
        -0.011711997275708307,
        -0.005775345442013302,
        0.008446040340042597,
        -0.009235092661542862,
        -0.04937812245197008,
        0.02049067389421151,
        -0.020849620290858933,
        -0.01831339728641445,
        -0.02030418990911371,
        0.005346048655453987,
        0.004073912898233731,
        0.005443491630067197,
        3.504544417950214e-06,
        -0.00028796748661665314,
        -6.529138308375357e-06,
        0.0010918827807841701,
        6.5583428451911e-05,
        0.0008090641502247223,
        -4.751849810112297e-05,
        -0.00015941149266501518,
        -0.0003469804602643074
      ],
      [
        0.13440001759743136,
        0.10543707333107492,
        -0.18662675679623092,
        -0.11513887677638004,
        -0.07662292108598269,
        0.6636179591724314,
        -0.05254944310484568,
        -0.04529885397370488,
        -0.1432791906493874,
        0.015779247464496285,
        0.00689644195677889,
        0.010724499065330314,
        -0.0009262858407987917,
        0.0036161688552895643,
        -0.0002858082752221949,
        -0.00017847481066976415,
        -0.0010459027561753127,
        0.00033550282260479624,
        0.024440734370261268,
        0.018539024123526652,
        -0.011098048862344657,
        -0.0157573180268319,
        -0.012095234376058823,
        0.010692292573799476,
        0.02738874473969112,
        0.018996212091714572,
        -0.32747725401758687,
        0.0018963117012532483,
        0.0014706052049903277,
        0.0031381474685369627,
        -0.01926798535137795,
        -0.01972393821102968,
        -0.0191127212142295,
        0.00023441281826078148,
        -0.0004108656675395344,
        -0.00015080634193335822,
        -0.00038901624521221593,
        0.0003769434094707385,
        -0.0003620332482713771,
        4.4326374309580275e-05,
        -0.00013215845280502671,
        -0.00011741695346557326
      ],
      [
        -0.01219350903970711,
        -0.016737002184178514,
        -0.009183246897224773,
        -0.1172523576016464,
        -0.04925595240353972,
        -0.05254944310484568,
        0.44707900567413833,
        -0.022264888770618718,
        0.015463378608621906,
        -0.18821214205668246,
        0.0088080823609946,
        0.04501602982484633,
        -0.03976920047033884,
        0.02307324737446617,
        0.00479313583154267,
        0.005745177608265643,
        -0.009053181436224904,
        0.002188571292616921,
        -0.001922318454483996,
        0.004224156656647788,
        -0.0017085910511759304,
        0.003915700715908113,
        -0.005852885751178005,
        0.0008298950218821187,
        0.002786898674660261,
        0.0011642190509005943,
        0.004152932677538692,
        -0.05291468715422865,
        0.06614062441333567,
        -0.007596491683646059,
        -0.0491525847566127,
        0.0005192776058304009,
        -0.002133463293809647,
        0.0029913493926837023,
        0.0008753196792089832,
        -0.00043584884703321637,
        -0.00024211268494908183,
        -0.00018797817070235033,
        0.00017507327450182517,
        -0.0008584560401254889,
        -0.001443221423889938,
        0.0009822674288032717
      ],
      [
        -0.016945452961580808,
        -0.008881546769541435,
        -0.010010456063884763,
        -0.04387881050265245,
        -0.12402884588530835,
        -0.04529885397370488,
        -0.022264888770618718,
        0.5835503301421682,
        -0.0402952819621005,
        -0.010358435477782419,
        -0.08150745118190283,
        0.016520644250134255,
        0.03634337416467701,
        -0.004290786581002284,
        -0.013215135825330473,
        0.001660700704611856,
        -0.0011631663292246605,
        -0.0011621424724979062,
        0.005079818456496887,
        -0.005350249071538901,
        -0.00105525556568865,
        -0.007731998470555831,
        0.00899874412300149,
        0.0010652977381059145,
        -4.1886012650326965e-05,
        0.004631722381320904,
        0.002718429034280159,
        0.05137497699698659,
        -0.2971739202747695,
        0.021766862912873816,
        0.0029895621712470455,
        -0.07071025291216862,
        0.0671213574719973,
        0.0029865300781296224,
        -0.00294056236357262,
        0.0020412646842766532,
        0.0008821221855654633,
        -0.0013430583523011646,
        0.0002558543816860966,
        -9.522942919677113e-05,
        0.00020534072062312306,
        -0.00045414073512166917
      ],
      [
        0.006798310468230857,
        0.0052858259008481,
        0.01158894090354434,
        -0.046130682372359164,
        -0.047755306851660614,
        -0.1432791906493874,
        0.015463378608621906,
        -0.0402952819621005,
        0.5716279062549873,
        0.05731331654586576,
        0.008606258919325831,
        -0.09166919806608363,
        -0.0024032594459491236,
        -0.009659463163442324,
        0.0017477571790929709,
        -0.0041607330055697285,
        0.0023984112664458728,
        -0.0013639335118462734,
        0.0020166909908757315,
        0.0011623224539457232,
        0.0008050083418753946,
        0.0020955556918262883,
        0.003133097800368856,
        -0.0010153093059221084,
        -0.019434591715615495,
        -0.018581056017366208,
        -0.01568749428074768,
        -0.00557609126381115,
        0.01953884596926582,
        -0.0538016377984528,
        -0.005729521981454766,
        0.07217442887421391,
        -0.2809807018967794,
        -0.0010690739526337772,
        0.0028065902297941883,
        0.0029549390891915705,
        -0.00017090794913943863,
        0.0002631617416635117,
        -0.0014328402298146754,
        0.0009969274271097476,
        0.0009236817695993406,
        0.0005034703672889163
      ],
      [
        -0.0035263330682386166,
        -0.0036599425507192838,
        -0.0064890680991209065,
        -0.04249569364979584,
        -0.003772652253551119,
        0.015779247464496285,
        -0.18821214205668246,
        -0.010358435477782419,
        0.05731331654586576,
        0.4468890539332833,
        -0.13638075757709456,
        -0.07072253070319875,
        -0.16015441080327575,
        0.10087253694886478,
        -0.008142473683059783,
        0.013625364200070489,
        0.015042329839795594,
        -0.007480810093755012,
        -0.0007304830049513914,
        0.001315044070154005,
        0.00030172587974583995,
        -0.00012609341760110168,
        -0.003114801950424636,
        0.0006096322544923256,
        0.002859069820288003,
        0.000839484410782845,
        -0.0002112144547913142,
        -0.02731624334508602,
        0.004391084355687224,
        0.010594564911550248,
        -0.01773768163019697,
        -0.0017189892246330645,
        0.013705631327216073,
        -0.024142087701417545,
        0.03606512001644874,
        -0.0072335700599657615,
        -0.0009915852183415067,
        0.0008684382187268071,
        -0.0023663836244040607,
        0.002062919055954741,
        -0.00037896848374842075,
        0.004335268599645671
      ],
      [
        -0.0003352063908963187,
        0.0009149662528855176,
        -0.0010559749255005398,
        -0.019764959265668586,
        0.00258275528344867,
        0.00689644195677889,
        0.0088080823609946,
        -0.08150745118190283,
        0.008606258919325831,
        -0.13638075757709456,
        0.36241462782735034,
        -0.08366089185044122,
        0.0803611176458846,
        -0.23427426197688406,
        0.06058715166710313,
        0.028220349019348147,
        -0.04781266023222532,
        0.018796507959892857,
        -0.00017850537355712574,
        0.00030793127783989405,
        -0.000496694461964031,
        0.0008309200105676648,
        -0.0012678249751531898,
        -0.00012261490823534956,
        0.0009357146330459975,
        0.00022862171708435148,
        0.0009080460228147321,
        0.03858152213946739,
        0.0008769997890450098,
        -0.014389935578043297,
        -0.006341509346959873,
        0.0017472361243118404,
        0.0008102671394302004,
        0.007256676522530857,
        -0.003704886125559832,
        -5.610157563636069e-05,
        -3.1675956594832776e-05,
        0.0004441902513665054,
        -0.003311723161557864,
        -0.0019632885709772907,
        -0.0009599293540152214,
        0.006480509358699685
      ],
      [
        -0.0013039955863712567,
        -0.0016240908933827522,
        -0.00038614736640302043,
        -0.012847149322785809,
        0.004364315794189922,
        0.010724499065330314,
        0.04501602982484633,
        0.016520644250134255,
        -0.09166919806608363,
        -0.07072253070319875,
        -0.08366089185044122,
        0.14575506638375896,
        0.004027668136762542,
        0.04966361094883373,
        -0.07132452902760236,
        -0.01235033034535473,
        0.023342985920515286,
        0.006186019030295432,
        -0.0006409212934227941,
        -0.0002996747704159563,
        0.0002423342658824875,
        0.00040423040809446924,
        -0.0009436297133995034,
        0.000374581011473242,
        0.0013686196797475236,
        0.0014451751847637637,
        0.0021314274659234456,
        0.00047601470680527417,
        -5.008408270166369e-05,
        0.0013642582425245383,
        0.037945396955443446,
        -0.0012504703489439562,
        -0.011101586658052099,
        0.006016007804761001,
        -0.010341014207499348,
        0.004355216260456137,
        -0.0013784468507418522,
        -0.0031678364837158957,
        -0.0033898849160990084,
        0.0039827902155318866,
        0.005999799286827982,
        0.006741652251858861
      ],
      [
        0.000638976871208992,
        0.0015015416387572983,
        0.0006432016244079222,
        0.00025989773848871715,
        6.254751497357588e-05,
        -0.0009262858407987917,
        -0.03976920047033884,
        0.03634337416467701,
        -0.0024032594459491236,
        -0.16015441080327575,
        0.0803611176458846,
        0.004027668136762542,
        0.646130300638207,
        0.03398715468124997,
        -0.19668732127993138,
        -0.1598295499497528,
        -0.10902054400023369,
        0.08874090104199445,
        0.0003180832502599142,
        -0.0003088000562122394,
        -0.0003046078468285561,
        0.00033229782278200085,
        0.00039296628616197277,
        -8.336819900184893e-05,
        -0.00030717682730547514,
        -4.427119131850254e-05,
        -0.00022709442168514622,
        -0.0035842128096413056,
        -0.0006688291714435716,
        0.0010995168523677298,
        0.003956404822085448,
        0.00016300178296141445,
        -0.0019223770333514462,
        -0.2900836609378632,
        -0.03749262532447989,
        0.10486389948832338,
        -0.004598561931518674,
        -0.02561209701853851,
        0.016032576446118926,
        0.00667888372193128,
        0.020310174150758913,
        -0.012861472068119897
      ],
      [
        -0.0017129974837608692,
        -0.0034322660192256894,
        -0.0016854042902840825,
        -0.004261031912213458,
        0.0043125446684046265,
        0.0036161688552895643,
        0.02307324737446617,
        -0.004290786581002284,
        -0.009659463163442324,
        0.10087253694886478,
        -0.23427426197688406,
        0.04966361094883373,
        0.03398715468124997,
        0.6899287384231828,
        -0.26951842378610824,
        -0.10167523722676464,
        -0.387136671219628,
        0.19303088157569187,
        -0.0005979218578063489,
        0.0007237353985962856,
        0.0004506220412188303,
        -0.0002341929352655636,
        -0.0011778438728924034,
        0.00023731006678718002,
        0.0005017060680177821,
        0.00021970952253053464,
        -0.00018117877723254362,
        -0.002106892259121428,
        0.001709447378001569,
        0.0018126149512122229,
        -0.0066722307048826795,
        0.0012625687245056626,
        0.003124983636762924,
        -0.033162568829088884,
        -0.05480067539130501,
        0.017432399277423627,
        0.001053846913720269,
        0.0036443000121819313,
        0.0018203134029520368,
        -0.00905890645930689,
        -0.016664382499879712,
        0.009835164392083637
      ],
      [
        0.0005443774478270183,
        0.0010773961136676137,
        0.0005885612660763168,
        -0.0004957025123257055,
        -0.0005607431665371767,
        -0.0002858082752221949,
        0.00479313583154267,
        -0.013215135825330473,
        0.0017477571790929709,
        -0.008142473683059783,
        0.06058715166710313,
        -0.07132452902760236,
        -0.19668732127993138,
        -0.26951842378610824,
        0.3384000043456302,
        0.08504554459450908,
        0.19611356759128895,
        -0.1764413010351658,
        0.00018271739221965613,
        -0.00014213398114844782,
        -0.00016521504538815875,
        0.0001683517031989244,
        0.00023090954729646873,
        -0.00010058543371278853,
        -4.223182606107831e-05,
        3.1429118830898436e-05,
        9.772723776468626e-05,
        0.00446956026416667,
        -0.0007821741861470433,
        -0.0013441489945966096,
        0.002968609790888141,
        -0.00216564650943784,
        0.0005271313481669036,
        0.10287353559501633,
        0.019000738794921083,
        -0.08922010900455005,
        0.003058672040444777,
        0.009389491062458219,
        -0.0003662718679655016,
        0.0012651011993115551,
        -4.363092712715823e-05,
        -0.002097166752176043
      ],
      [
        -3.3468342593475235e-05,
        0.00046000201774315774,
        -0.0003451104643410342,
        -0.00042853356334426396,
        -0.001069737280485491,
        -0.00017847481066976415,
        0.005745177608265643,
        0.001660700704611856,
        -0.0041607330055697285,
        0.013625364200070489,
        0.028220349019348147,
        -0.01235033034535473,
        -0.1598295499497528,
        -0.10167523722676464,
        0.08504554459450908,
        0.6338510471173184,
        -0.016522773464620742,
        -0.1732873921724184,
        -4.3365907275137874e-05,
        -2.5257396510883296e-05,
        0.00013100045896149998,
        -0.00012065435560877283,
        0.00015354738014655345,
        4.2814077364363044e-05,
        3.32836918156366e-05,
        4.665707746091886e-05,
        0.00013654479312142774,
        -0.00031931538740426896,
        -0.0001255025351120238,
        -0.00023338952751341714,
        0.0011034383821054352,
        -0.00043183209126219175,
        0.0007419698397760814,
        -0.003682532486338405,
        -0.023527718765362905,
        0.015164384640671512,
        -0.3016976939719349,
        -0.03409446366719354,
        0.10285712672037725,
        -0.18819580789132362,
        0.146940289496012,
        -0.013550935079643748
      ],
      [
        0.0007305056441272177,
        0.0009172375282003183,
        0.0008102798739666049,
        0.0009272474397920224,
        -0.0006459183255071003,
        -0.0010459027561753127,
        -0.009053181436224904,
        -0.0011631663292246605,
        0.0023984112664458728,
        0.015042329839795594,
        -0.04781266023222532,
        0.023342985920515286,
        -0.10902054400023369,
        -0.387136671219628,
        0.19611356759128895,
        -0.016522773464620742,
        0.6974938091946993,
        -0.28189786471569955,
        5.154034768670844e-05,
        -0.0001646434061985388,
        -0.0001222051391528907,
        0.0002954435084539779,
        0.0001568419462087066,
        -6.14200840173815e-06,
        -9.877755402821118e-06,
        -6.595810681184482e-05,
        0.00013123477443131325,
        0.0002525332145923464,
        9.515754981352222e-05,
        0.00014115412931970197,
        0.001858473573240712,
        -0.0007635582748545773,
        -0.00013045372286529276,
        0.0009339973100647045,
        0.0011707764881787545,
        0.00265115785527038,
        -0.038541033105460414,
        -0.05794112017020897,
        0.02483762827043945,
        0.15305960212398712,
        -0.20414939964886009,
        0.03280390004533504
      ],
      [
        -0.0004897624878207914,
        0.0007714511405168014,
        -0.0010905849900299143,
        -0.002177069176348549,
        0.00041874395923232016,
        0.00033550282260479624,
        0.002188571292616921,
        -0.0011621424724979062,
        -0.0013639335118462734,
        -0.007480810093755012,
        0.018796507959892857,
        0.006186019030295432,
        0.08874090104199445,
        0.19303088157569187,
        -0.1764413010351658,
        -0.1732873921724184,
        -0.28189786471569955,
        0.28089522089669355,
        0.00010431283251777806,
        -0.00019120467774217948,
        4.767018057915901e-05,
        -0.00010320620130440465,
        -4.9474381397687305e-05,
        6.617034908521681e-05,
        0.00012582570934694946,
        -7.219222836023009e-05,
        -2.6549102986631714e-05,
        -8.972485508939652e-05,
        1.3040165276088727e-05,
        0.0003096323289135639,
        -0.0016269730019603207,
        8.99661038068001e-05,
        -0.00019912952124026106,
        0.0036296313826896663,
        0.011183826789370965,
        0.001526817288103693,
        0.10704807057412871,
        0.024525107182690423,
        -0.07416184797672531,
        -0.016584114736007308,
        0.034539821392558456,
        -0.03610179463231865
      ],
      [
        -0.05275098723568269,
        -0.01239764622283221,
        0.026749742682399026,
        0.001901222138490029,
        -0.003835730091218431,
        0.024440734370261268,
        -0.001922318454483996,
        0.005079818456496887,
        0.0020166909908757315,
        -0.0007304830049513914,
        -0.00017850537355712574,
        -0.0006409212934227941,
        0.0003180832502599142,
        -0.0005979218578063489,
        0.00018271739221965613,
        -4.3365907275137874e-05,
        5.154034768670844e-05,
        0.00010431283251777806,
        0.04604401197541674,
        0.017287970815805152,
        -0.0356631735651449,
        0.004860803107695138,
        0.001652154415737339,
        -0.017524378428445953,
        0.0017943015559067316,
        -0.007876985412342972,
        0.0014764930886434187,
        0.0005031404013012437,
        0.0006031732976290113,
        0.00015940583287106378,
        3.396102765739687e-05,
        -1.1200732240132679e-06,
        -0.0011971355635832953,
        1.4575667376523689e-05,
        5.322583432699631e-05,
        -2.926481362187976e-05,
        -0.00014890924974651467,
        0.00011751260398344275,
        -2.9372066717358325e-05,
        0.00012444811549790392,
        4.1734754656839776e-05,
        -4.771715686900367e-05
      ],
      [
        -0.01216579986467135,
        -0.04605613468809245,
        0.021476074018969785,
        -0.0030501172972530344,
        0.004245972898433037,
        0.018539024123526652,
        0.004224156656647788,
        -0.005350249071538901,
        0.0011623224539457232,
        0.001315044070154005,
        0.00030793127783989405,
        -0.0002996747704159563,
        -0.0003088000562122394,
        0.0007237353985962856,
        -0.00014213398114844782,
        -2.5257396510883296e-05,
        -0.0001646434061985388,
        -0.00019120467774217948,
        0.017287970815805152,
        0.03758109752567184,
        -0.027594911790231914,
        0.0017637366876130183,
        0.0038279037281351933,
        -0.013603352129414343,
        -0.00782935570813403,
        0.00546691383838764,
        0.000670708223037167,
        -0.0008530735760727281,
        -0.0007314610173471024,
        -0.00026580543142065683,
        -0.0002948905465844063,
        0.00010996979657743329,
        6.627279135582815e-05,
        2.9824850233891475e-05,
        -5.370550186482017e-05,
        5.8808089106424804e-05,
        -2.542556313882074e-05,
        0.00011395542348169478,
        0.00010984641306917708,
        -6.978978732048599e-05,
        -2.4271460403633375e-05,
        1.2964324037066473e-05
      ],
      [
        0.029938902722836246,
        0.02400336360463311,
        -0.32878885014126247,
        0.0009737358553930384,
        0.0006356344798879011,
        -0.011098048862344657,
        -0.0017085910511759304,
        -0.00105525556568865,
        0.0008050083418753946,
        0.00030172587974583995,
        -0.000496694461964031,
        0.0002423342658824875,
        -0.0003046078468285561,
        0.0004506220412188303,
        -0.00016521504538815875,
        0.00013100045896149998,
        -0.0001222051391528907,
        4.767018057915901e-05,
        -0.0356631735651449,
        -0.027594911790231914,
        0.34911874853246544,
        0.003732772779353269,
        0.0024634055103468964,
        -0.011774231804076081,
        0.001539784159048042,
        0.0012192950718720196,
        0.0007547278643234328,
        9.679379624638284e-05,
        -4.162042681891392e-05,
        0.00013498495390697443,
        0.0007705813716805175,
        0.0006566696701071314,
        0.0006383022237693621,
        -1.4783381814766934e-06,
        -5.545947201198137e-05,
        2.101792784766336e-05,
        0.00027556128901113047,
        -3.890032984335554e-05,
        3.872431025130158e-05,
        -8.320689487408731e-05,
        -2.467104185697567e-05,
        2.7581307909477502e-05
      ],
      [
        -0.16352585497870525,
        -0.10040279895355742,
        -0.10609066959156878,
        -0.009835628990420054,
        -0.011711997275708307,
        -0.0157573180268319,
        0.003915700715908113,
        -0.007731998470555831,
        0.0020955556918262883,
        -0.00012609341760110168,
        0.0008309200105676648,
        0.00040423040809446924,
        0.00033229782278200085,
        -0.0002341929352655636,
        0.0001683517031989244,
        -0.00012065435560877283,
        0.0002954435084539779,
        -0.00010320620130440465,
        0.004860803107695138,
        0.0017637366876130183,
        0.003732772779353269,
        0.168539882292312,
        0.11365953164681444,
        0.11608739628645523,
        -0.0025343238605823365,
        0.004497906174865977,
        2.5609435694984436e-05,
        -0.0012656884029345634,
        -0.0010974464997383932,
        -0.0009890286186638694,
        -9.632459932738355e-05,
        0.00025305617955394147,
        0.0004486046076629859,
        -5.452192714306523e-05,
        -1.6812700937885175e-05,
        -3.900588500064251e-05,
        -2.6716279150628895e-05,
        -9.561089930944594e-05,
        5.8107972593986974e-05,
        -6.158535000094442e-05,
        -9.128115693265201e-06,
        -4.2156409306605544e-05
      ],
      [
        -0.09966765058044755,
        -0.11436280186719036,
        -0.08430898353682767,
        -0.013244964920409826,
        -0.005775345442013302,
        -0.012095234376058823,
        -0.005852885751178005,
        0.00899874412300149,
        0.003133097800368856,
        -0.003114801950424636,
        -0.0012678249751531898,
        -0.0009436297133995034,
        0.00039296628616197277,
        -0.0011778438728924034,
        0.00023090954729646873,
        0.00015354738014655345,
        0.0001568419462087066,
        -4.9474381397687305e-05,
        0.001652154415737339,
        0.0038279037281351933,
        0.0024634055103468964,
        0.11365953164681444,
        0.11326267828491046,
        0.09118003587015938,
        0.0045743382963739695,
        -0.004531516861277458,
        0.0002908969959686019,
        0.0013090922308292043,
        0.0006936179370148441,
        0.0006837031099616085,
        0.000154913088428287,
        -3.074569871063348e-05,
        -0.0005675049931245951,
        -3.2188946169576645e-05,
        0.00012175065769817146,
        3.2026793072717315e-05,
        -4.180826123084736e-05,
        3.973797934893738e-05,
        -8.074375254415877e-05,
        5.8245505587132675e-05,
        4.475934854726407e-05,
        3.0587224479845435e-05
      ],
      [
        -0.11052041699023772,
        -0.0871430222993025,
        -0.15824071674282292,
        0.010386488812507876,
        0.008446040340042597,
        0.010692292573799476,
        0.0008298950218821187,
        0.0010652977381059145,
        -0.0010153093059221084,
        0.0006096322544923256,
        -0.00012261490823534956,
        0.000374581011473242,
        -8.336819900184893e-05,
        0.00023731006678718002,
        -0.00010058543371278853,
        4.2814077364363044e-05,
        -6.14200840173815e-06,
        6.617034908521681e-05,
        -0.017524378428445953,
        -0.013603352129414343,
        -0.011774231804076081,
        0.11608739628645523,
        0.09118003587015938,
        0.15817588719892597,
        -0.00025368866152858757,
        -0.00016070984939867093,
        0.001113605211484587,
        8.73340166272615e-05,
        0.00011076103577257035,
        0.0002493071320370597,
        0.00028257087307899745,
        0.00015529116266459046,
        0.0004979359377684183,
        5.336053742315954e-06,
        -3.6205701940599595e-05,
        -1.090415903685411e-05,
        0.00010279063093314019,
        -0.00010062264685805086,
        -4.066788349601228e-05,
        -5.22014116208466e-05,
        -2.028470154058143e-05,
        1.4362293144361239e-05
      ],
      [
        0.002384936004509366,
        -0.003855153796603363,
        0.02452237887901363,
        -0.051948770445681566,
        -0.009235092661542862,
        0.02738874473969112,
        0.002786898674660261,
        -4.1886012650326965e-05,
        -0.019434591715615495,
        0.002859069820288003,
        0.0009357146330459975,
        0.0013686196797475236,
        -0.00030717682730547514,
        0.0005017060680177821,
        -4.223182606107831e-05,
        3.32836918156366e-05,
        -9.877755402821118e-06,
        0.00012582570934694946,
        0.0017943015559067316,
        -0.00782935570813403,
        0.001539784159048042,
        -0.0025343238605823365,
        0.0045743382963739695,
        -0.00025368866152858757,
        0.04664626951838357,
        0.017735783052314213,
        -0.033068457775177945,
        0.00020056555246191144,
        -0.00018251604504965056,
        0.00013314778478865053,
        -0.001918694912898108,
        -0.002452060594855668,
        -0.0022064214337870567,
        -5.8674800958744974e-05,
        1.0468354902193558e-05,
        -5.641456224216343e-05,
        7.682873156950428e-05,
        -0.00013250950152518906,
        -2.587969085641686e-05,
        -1.279665264110509e-05,
        -1.8954083981379714e-05,
        1.0003119838958283e-05
      ],
      [
        -0.004485785726107843,
        0.003552903395452589,
        0.019821053483572805,
        -0.009712321323404409,
        -0.04937812245197008,
        0.018996212091714572,
        0.0011642190509005943,
        0.004631722381320904,
        -0.018581056017366208,
        0.000839484410782845,
        0.00022862171708435148,
        0.0014451751847637637,
        -4.427119131850254e-05,
        0.00021970952253053464,
        3.1429118830898436e-05,
        4.665707746091886e-05,
        -6.595810681184482e-05,
        -7.219222836023009e-05,
        -0.007876985412342972,
        0.00546691383838764,
        0.0012192950718720196,
        0.004497906174865977,
        -0.004531516861277458,
        -0.00016070984939867093,
        0.017735783052314213,
        0.04084526257057088,
        -0.022161827672281868,
        0.0007041779805791326,
        0.0002540528692696985,
        0.0008335008766118931,
        -0.0026024880135836273,
        -0.0012706373267702361,
        -0.001379741740851704,
        -2.602599653019446e-05,
        3.908908397180648e-05,
        -2.6100139831025537e-05,
        -0.00020122895106104943,
        1.5065239553772224e-05,
        3.924501129531242e-05,
        -3.755046898469673e-05,
        -6.0016455116176e-06,
        -4.4418062971710725e-06
      ],
      [
        -0.00021688330441828433,
        -0.00010402361704659083,
        -0.008700789929948353,
        0.029741518540557357,
        0.02049067389421151,
        -0.32747725401758687,
        0.004152932677538692,
        0.002718429034280159,
        -0.01568749428074768,
        -0.0002112144547913142,
        0.0009080460228147321,
        0.0021314274659234456,
        -0.00022709442168514622,
        -0.00018117877723254362,
        9.772723776468626e-05,
        0.00013654479312142774,
        0.00013123477443131325,
        -2.6549102986631714e-05,
        0.0014764930886434187,
        0.000670708223037167,
        0.0007547278643234328,
        2.5609435694984436e-05,
        0.0002908969959686019,
        0.001113605211484587,
        -0.033068457775177945,
        -0.022161827672281868,
        0.3485884484779045,
        -0.00016524560827553132,
        -0.00048449704000808877,
        5.6638690082835556e-05,
        -0.0015421543392622344,
        -0.0021672799967211494,
        -0.0007622103949238075,
        -7.81753380466415e-05,
        2.1225925275573514e-05,
        -5.0712319830850916e-05,
        2.8416622750052928e-05,
        -0.00012800076816447823,
        -4.11534938174862e-05,
        -5.3959343623769714e-05,
        -7.640721841456455e-06,
        4.951187753262184e-06
      ],
      [
        -0.0010241275478962458,
        -0.0008417596479534101,
        -0.0016914837579626004,
        0.004628723256503285,
        -0.020849620290858933,
        0.0018963117012532483,
        -0.05291468715422865,
        0.05137497699698659,
        -0.00557609126381115,
        -0.02731624334508602,
        0.03858152213946739,
        0.00047601470680527417,
        -0.0035842128096413056,
        -0.002106892259121428,
        0.00446956026416667,
        -0.00031931538740426896,
        0.0002525332145923464,
        -8.972485508939652e-05,
        0.0005031404013012437,
        -0.0008530735760727281,
        9.679379624638284e-05,
        -0.0012656884029345634,
        0.0013090922308292043,
        8.73340166272615e-05,
        0.00020056555246191144,
        0.0007041779805791326,
        -0.00016524560827553132,
        0.08036999050487043,
        -0.06884710364164548,
        0.0023038983671640114,
        0.00144762630003154,
        0.00012134824634785346,
        -0.0011475778417195971,
        -0.0009716304120411742,
        0.0011534111083610047,
        -0.0003053161700422325,
        0.00013067636501006127,
        -0.0001063090418462844,
        -0.0001577112905604498,
        0.00011638687096546454,
        0.0001077251222942348,
        -0.0001960552626578628
      ],
      [
        -0.0006260080193367552,
        0.00014260020667562675,
        -0.0024123270018470504,
        -0.0008638951021178161,
        -0.01831339728641445,
        0.0014706052049903277,
        0.06614062441333567,
        -0.2971739202747695,
        0.01953884596926582,
        0.004391084355687224,
        0.0008769997890450098,
        -5.008408270166369e-05,
        -0.0006688291714435716,
        0.001709447378001569,
        -0.0007821741861470433,
        -0.0001255025351120238,
        9.515754981352222e-05,
        1.3040165276088727e-05,
        0.0006031732976290113,
        -0.0007314610173471024,
