{
    "input_data": {
        "keywords": {
            "threads": 1
        },
        "structure": {
            "extras": {
                "xyz_comments": [
                    "Frame",
                    "1"
                ]
            },
            "symbols": [
                "C",
                "C",
                "C",
                "O",
                "C",
                "C",
                "H",
                "H",
                "H",
                "H",
                "H",
                "H",
                "H",
                "H"
            ],
            "geometry": [
                [
                    -4.031617344634088,
                    -0.7354206241049138,
                    -0.2979576596350898
                ],
                [
                    -2.0691977226225737,
                    0.48767737282446744,
                    -1.2286075506586023
                ],
                [
                    -0.36806613601511673,
                    2.1756513003230524,
                    0.2909743608690351
                ],
                [
                    2.1661975927335746,
                    2.1696327896810788,
                    -0.5594090690435186
                ],
                [
                    3.555074760414202,
                    0.054933251827923774,
                    -0.17407142212519303
                ],
                [
                    2.867678688543632,
                    -2.111011268336442,
                    0.868385666258377
                ],
                [
                    -4.527594671474196,
                    -0.6242147378781393,
                    1.675181708045244
                ],
                [
                    -5.233350824649641,
                    -1.8861179751679769,
                    -1.4670410058955639
                ],
                [
                    -1.5842783841942545,
                    0.36091729838055614,
                    -3.209890405731768
                ],
                [
                    -0.9772929018864025,
                    4.14299784344729,
                    0.0587111650162333
                ],
                [
                    -0.4583881485234518,
                    1.69066018975863,
                    2.3064784925862054
                ],
                [
                    5.4566420030485085,
                    0.3692976510423109,
                    -0.8591793892332728
                ],
                [
                    0.987545347963867,
                    -2.4804010729075525,
                    1.540470852502041
                ],
                [
                    4.216647741294049,
                    -3.614602018886507,
                    1.0559542570439844
                ]
            ],
            "charge": 0,
            "multiplicity": 1,
            "identifiers": {
                "extras": {}
            },
            "connectivity": []
        },
        "extras": {},
        "files": {},
        "cmdline_args": [],
        "model": {
            "extras": {},
            "method": "gfn2",
            "basis": "gfn2"
        },
        "calctype": "hessian"
    },
    "success": true,
    "data": {
        "extras": {
            "program_version": "3.0.2"
        },
        "energy": -18.778140587979546,
        "hessian": [
            [
                0.58599872,
                0.32827166,
                -0.12973752,
                -0.36833346,
                -0.21254962,
                0.15473707,
                -0.0213017,
                -0.0176052,
                0.00103673,
                -0.00283698,
                -0.00264109,
                -0.00140354,
                -0.00050254,
                0.00042259,
                -1.669e-05,
                0.00014114,
                0.00022343,
                -0.00019686,
                -0.05530252,
                -0.0009817,
                0.05914423,
                -0.12919211,
                -0.09225878,
                -0.09113854,
                -0.00814143,
                -0.00508411,
                0.00649036,
                -0.00037411,
                0.00075471,
                9.563e-05,
                0.00069763,
                0.00098786,
                0.00151298,
                9.614e-05,
                0.00010449,
                7.195e-05,
                -0.00092315,
                0.00031039,
                -0.00060678,
                -6.106e-05,
                -3.14e-05,
                -3.366e-05
            ],
            [
                0.32827166,
                0.33972352,
                0.02132577,
                -0.2116138,
                -0.16522619,
                0.0855991,
                -0.01990139,
                -0.01479015,
                0.00235335,
                -0.00258567,
                -0.00058012,
                -0.00152359,
                0.00049121,
                -0.0015245,
                0.00035476,
                -4.032e-05,
                0.00031553,
                0.00033991,
                -0.00145374,
                -0.03840781,
                -0.01781096,
                -0.0924069,
                -0.11997267,
                -0.09149006,
                -0.00017928,
                9.798e-05,
                0.00109158,
                -0.00124639,
                -0.00039967,
                -0.00084837,
                4.262e-05,
                0.00028281,
                0.00103417,
                0.00011945,
                0.00021808,
                -9.6e-05,
                0.00023688,
                0.00019672,
                -0.00023935,
                0.00023283,
                2.389e-05,
                -9.779e-05
            ],
            [
                -0.12973752,
                0.02132577,
                0.58685181,
                0.15138386,
                0.08365885,
                -0.1514457,
                -0.00861062,
                -0.00537172,
                0.00639381,
                -0.00469663,
                -0.00203732,
                -0.00021433,
                0.00026924,
                -0.00029282,
                -7.73e-05,
                -4.12e-05,
                0.00024538,
                -0.00043339,
                0.05838985,
                -0.01851003,
                -0.28968554,
                -0.08910911,
                -0.09049822,
                -0.1368015,
                0.02525914,
                0.01492475,
                -0.015513,
                -0.001286,
                -0.00210648,
                -0.00056524,
                -0.00129818,
                -0.00143347,
                0.00112226,
                -4.743e-05,
                6.596e-05,
                0.00010634,
                -0.00039046,
                2.496e-05,
                0.00022075,
                -0.00010188,
                -9.72e-06,
                6.909e-05
            ],
            [
                -0.36833346,
                -0.2116138,
                0.15138386,
                0.58498386,
                0.29882041,
                -0.16751037,
                -0.09663828,
                -0.04150783,
                -0.04277011,
                -0.04286971,
                -0.02316539,
                -0.00925229,
                0.00046638,
                -0.00098274,
                -0.00075815,
                -1.017e-05,
                3.167e-05,
                -0.00072165,
                -0.00792506,
                -0.00419581,
                0.00797697,
                -0.01891566,
                -0.01256346,
                0.00561231,
                -0.05328514,
                0.0006433,
                0.05850924,
                0.00236173,
                -0.00378835,
                0.00166177,
                0.0004989,
                -0.00246383,
                -0.00419842,
                0.00025202,
                7.377e-05,
                0.00053525,
                -0.00043571,
                0.00063803,
                -0.0006079,
                -2.223e-05,
                6.166e-05,
                0.00025111
            ],
            [
                -0.21254962,
                -0.16522619,
                0.08365885,
                0.29882041,
                0.34796877,
                -0.01040362,
                -0.0470599,
                -0.10976506,
                -0.04879407,
                -0.00941599,
                0.00024977,
                0.00242503,
                0.00024919,
                0.00284868,
                -2.878e-05,
                -0.00032109,
                -0.00042213,
                0.00024389,
                -0.00017725,
                0.00085768,
                0.00172718,
                -0.01603913,
                -0.0126723,
                0.00577431,
                0.00036506,
                -0.03979003,
                -0.01757608,
                -0.01665591,
                -0.0258528,
                -0.01756298,
                0.00204947,
                0.00240073,
                0.00018004,
                3.27e-06,
                -0.00028305,
                4.339e-05,
                0.00085777,
                -0.00010965,
                0.00073041,
                -2.576e-05,
                -0.00020286,
                -0.00030986
            ],
            [
                0.15473707,
                0.0855991,
                -0.1514457,
                -0.16751037,
                -0.01040362,
                0.57536012,
                -0.0457289,
                -0.04745899,
                -0.11423895,
                0.00651794,
                0.00452302,
                0.00734426,
                6.815e-05,
                0.00075346,
                0.00058077,
                -0.00040891,
                -0.00083122,
                -3.46e-06,
                0.02614834,
                0.01449241,
                -0.01690628,
                -0.01422504,
                -0.00878495,
                0.00547545,
                0.0571186,
                -0.01894652,
                -0.28390381,
                6.065e-05,
                -0.00174289,
                0.00250818,
                -0.0166439,
                -0.01805932,
                -0.02413442,
                0.00018531,
                -0.00016697,
                -0.00015066,
                -0.00053147,
                0.00097514,
                -0.00025846,
                0.00023969,
                -3.125e-05,
                -0.00015329
            ],
            [
                -0.0213017,
                -0.01990139,
                -0.00861062,
                -0.09663828,
                -0.0470599,
                -0.0457289,
                0.41422812,
                -0.00568112,
                0.00903506,
                -0.17884942,
                -0.00733456,
                0.04957776,
                -0.03319849,
                0.01700027,
                0.00398603,
                0.00268224,
                -0.00121728,
                -0.00056581,
                -0.00108162,
                0.00242376,
                -0.00185153,
                0.0023994,
                -0.00614078,
                0.00231666,
                0.00233726,
                0.00184767,
                0.00153766,
                -0.04973916,
                0.06187669,
                -0.00875351,
                -0.0393242,
                0.00114271,
                -0.00106562,
                -0.00132594,
                0.00376924,
                6.714e-05,
                9.422e-05,
                7.16e-06,
                -1.518e-05,
                0.00014399,
                -0.00059021,
                -1.602e-05
            ],
            [
                -0.0176052,
                -0.01479015,
                -0.00537172,
                -0.04150783,
                -0.10976506,
                -0.04745899,
                -0.00568112,
                0.48881951,
                -0.02806801,
                -0.02059484,
                -0.06977811,
                0.01778118,
                0.03180098,
                -0.00202019,
                -0.01040272,
                0.00098438,
                0.00123079,
                -0.00162093,
                0.00352968,
                -0.00308595,
                3.074e-05,
                -0.00716108,
                0.00865351,
                -0.000796,
                -0.0031003,
                0.00014665,
                -0.00340388,
                0.0529191,
                -0.24010225,
                0.02733717,
                0.00137043,
                -0.05523794,
                0.05107973,
                0.00381462,
                -0.00294215,
                0.00130808,
                0.00091947,
                -0.00137004,
                -0.00025517,
                0.00026076,
                0.00036807,
                -0.00020125
            ],
            [
                0.00103673,
                0.00235335,
                0.00639381,
                -0.04277011,
                -0.04879407,
                -0.11423895,
                0.00903506,
                -0.02806801,
                0.48606623,
                0.05553698,
                0.01449466,
                -0.07710395,
                -0.00179009,
                -0.00776947,
                0.00105894,
                -0.0023702,
                -0.00050195,
                -0.00108793,
                0.00101951,
                0.00214653,
                0.00086845,
                0.00313622,
                0.00037716,
                0.00060241,
                -0.01460129,
                -0.01825606,
                -0.01958683,
                -0.00740678,
                0.02991199,
                -0.04657524,
                -0.00078882,
                0.05192986,
                -0.23922352,
                -0.00019274,
                0.00166092,
                0.00291471,
                -0.00030603,
                -1.726e-05,
                -0.00107432,
                0.00028203,
                0.00054033,
                0.00102134
            ],
            [
                -0.00283698,
                -0.00258567,
                -0.00469663,
                -0.04286971,
                -0.00941599,
                0.00651794,
                -0.17884942,
                -0.02059484,
                0.05553698,
                0.41355221,
                -0.10486129,
                -0.07104808,
                -0.12525633,
                0.10101631,
                -0.01212434,
                0.00479973,
                0.00496406,
                -0.00204047,
                0.0002185,
                0.00064318,
                -0.00043944,
                -0.00076336,
                -0.00285909,
                0.00069344,
                0.00227561,
                0.00079618,
                0.00092289,
                -0.02304721,
                0.00924443,
                0.00656165,
                -0.01920386,
                -0.00342841,
                0.01880837,
                -0.0289618,
                0.02716798,
                -0.00170817,
                -0.00093775,
                1.241e-05,
                -0.00090783,
                0.00218887,
                -0.00032869,
                0.00374882
            ],
            [
                -0.00264109,
                -0.00058012,
                -0.00203732,
                -0.02316539,
                0.00024977,
                0.00452302,
                -0.00733456,
                -0.06977811,
                0.01449466,
                -0.10486129,
                0.36264675,
                -0.08172992,
                0.07691564,
                -0.23604493,
                0.05508735,
                0.02753356,
                -0.05013929,
                0.01346217,
                -0.00037545,
                0.00049119,
                -0.00050733,
                0.00045631,
                -0.00147788,
                0.00030707,
                0.00083095,
                0.00042949,
                0.00173256,
                0.0326329,
                -0.00353368,
                -0.01023262,
                -0.00770582,
                0.00106753,
                0.00327118,
                0.00743728,
                -0.00087586,
                -0.0022344,
                0.00174112,
                0.00172737,
                -0.0026704,
                -0.0024537,
                -0.00391899,
                0.00677912
            ],
            [
                -0.00140354,
                -0.00152359,
                -0.00021433,
                -0.00925229,
                0.00242503,
                0.00734426,
                0.04957776,
                0.01778118,
                -0.07710395,
                -0.07104808,
                -0.08172992,
                0.12827877,
                -0.00194722,
                0.04627586,
                -0.05330436,
                -0.00968944,
                0.01991269,
                -0.00025923,
                -0.00055561,
                -0.00031348,
                0.00016864,
                0.00021937,
                -0.00055651,
                0.00053048,
                -7.331e-05,
                0.00115831,
                0.00170608,
                -0.00104811,
                -0.00102144,
                0.00211918,
                0.03720485,
                0.00143182,
                -0.01639177,
                0.00609145,
                -0.00819064,
                0.00099264,
                -0.00146713,
                -0.00191471,
                -0.00221732,
                0.00367964,
                0.00626205,
                0.00827497
            ],
            [
                -0.00050254,
                0.00049121,
                0.00026924,
                0.00046638,
                0.00024919,
                6.815e-05,
                -0.03319849,
                0.03180098,
                -0.00179009,
                -0.12525633,
                0.07691564,
                -0.00194722,
                0.54387171,
                0.05203421,
                -0.15262237,
                -0.1180961,
                -0.11345179,
                0.07047725,
                -1.341e-05,
                0.0002201,
                -0.00029053,
                0.00058172,
                0.00024668,
                2.212e-05,
                -6.166e-05,
                -5.559e-05,
                -7.675e-05,
                -0.00599985,
                0.00115747,
                0.00215756,
                0.00137561,
                -0.00011572,
                -0.00097472,
                -0.25409248,
                -0.04069437,
                0.08041074,
                -0.01152125,
                -0.0270632,
                0.01369729,
                0.00169263,
                0.01851756,
                -0.00921132
            ],
            [
                0.00042259,
                -0.0015245,
                -0.00029282,
                -0.00098274,
                0.00284868,
                0.00075346,
                0.01700027,
                -0.00202019,
                -0.00776947,
                0.10101631,
                -0.23604493,
                0.04627586,
                0.05203421,
                0.73182034,
                -0.25522156,
                -0.11678739,
                -0.4215006,
                0.18562386,
                6.25e-06,
                -0.00012114,
                0.00037955,
                -0.00050724,
                -0.00059942,
                8.188e-05,
                3.183e-05,
                0.00029004,
                -0.00071595,
                0.0017294,
                -0.00049893,
                0.0001005,
                -0.00196326,
                0.00217266,
                0.00150859,
                -0.04096383,
                -0.04586007,
                0.01657419,
                -0.00661807,
                -0.00476133,
                0.00400453,
                -0.00328908,
                -0.02449407,
                0.00841786
            ],
            [
                -1.669e-05,
                0.00035476,
                -7.73e-05,
                -0.00075815,
                -2.878e-05,
                0.00058077,
                0.00398603,
                -0.01040272,
                0.00105894,
                -0.01212434,
                0.05508735,
                -0.05330436,
                -0.15262237,
                -0.25522156,
                0.2506213,
                0.07113956,
                0.18509116,
                -0.12155105,
                9.443e-05,
                6.6e-05,
                -0.00017818,
                0.00012029,
                2.48e-06,
                -9.208e-05,
                -0.00014763,
                -0.00020782,
                -0.00013384,
                0.00285561,
                -0.00045637,
                -0.00014988,
                0.00145515,
                -0.0019124,
                0.00063421,
                0.08053744,
                0.01640913,
                -0.06543153,
                0.00587334,
                0.00917764,
                -0.0064638,
                -0.00060109,
                0.00207582,
                -0.00545608
            ],
            [
                0.00014114,
                -4.032e-05,
                -4.12e-05,
                -1.017e-05,
                -0.00032109,
                -0.00040891,
                0.00268224,
                0.00098438,
                -0.0023702,
                0.00479973,
                0.02753356,
                -0.00968944,
                -0.1180961,
                -0.11678739,
                0.07113956,
                0.5656358,
                0.01819635,
                -0.14643713,
                -6.954e-05,
                -6.662e-05,
                0.00013401,
                -0.0001371,
                0.0002624,
                -7.29e-06,
                -5.778e-05,
                0.00017655,
                0.0002226,
                -0.00027045,
                -0.00010947,
                -0.0001135,
                0.00061583,
                -0.00030127,
                0.0003783,
                -0.01268322,
                -0.02422982,
                0.01301365,
                -0.27611693,
                -0.04159201,
                0.08528639,
                -0.16641889,
                0.13629743,
                -0.01110138
            ],
            [
                0.00022343,
                0.00031553,
                0.00024538,
                3.167e-05,
                -0.00042213,
                -0.00083122,
                -0.00121728,
                0.00123079,
                -0.00050195,
                0.00496406,
                -0.05013929,
                0.01991269,
                -0.11345179,
                -0.4215006,
                0.18509116,
                0.01819635,
                0.71644206,
                -0.25151977,
                -4.228e-05,
                -6.817e-05,
                3.444e-05,
                0.00029419,
                0.0001223,
                4.436e-05,
                9.173e-05,
                -0.00016217,
                0.00024024,
                -0.0007133,
                0.00065044,
                0.00033824,
                0.00046163,
                -0.00050725,
                -0.00012479,
                -0.00525314,
                -0.00757962,
                0.00427516,
                -0.04268627,
                -0.05045294,
                0.02028839,
                0.13893876,
                -0.1879379,
                0.02253767
            ],
            [
                -0.00019686,
                0.00033991,
                -0.00043339,
                -0.00072165,
                0.00024389,
                -3.46e-06,
                -0.00056581,
                -0.00162093,
                -0.00108793,
                -0.00204047,
                0.01346217,
                -0.00025923,
                0.07047725,
                0.18562386,
                -0.12155105,
                -0.14643713,
                -0.25151977,
                0.21751455,
                -7.926e-05,
                -3.695e-05,
                2.012e-05,
                5.932e-05,
                6.85e-06,
                0.0001283,
                -8.744e-05,
                0.0001646,
                0.0002244,
                0.00043578,
                -0.0001844,
                0.00016039,
                -0.00082983,
                -8.409e-05,
                0.00039952,
                0.00571573,
                0.01000463,
                -0.00540041,
                0.08651361,
                0.02045469,
                -0.05950949,
                -0.01217097,
                0.02316072,
                -0.03020501
            ],
            [
                -0.05530252,
                -0.00145374,
                0.05838985,
                -0.00792506,
                -0.00017725,
                0.02614834,
                -0.00108162,
                0.00352968,
                0.00101951,
                0.0002185,
                -0.00037545,
                -0.00055561,
                -1.341e-05,
                6.25e-06,
                9.443e-05,
                -6.954e-05,
                -4.228e-05,
                -7.926e-05,
                0.0588801,
                0.00859374,
                -0.072159,
                0.00406099,
                -0.00269944,
                -0.01565841,
                0.00139851,
                -0.00811346,
                0.00337328,
                0.00036654,
                0.00062581,
                0.0003285,
                -0.00053356,
                -0.00011277,
                -0.00096076,
                8.474e-05,
                3.996e-05,
                -1.524e-05,
                -0.00017629,
                0.00017803,
                8.696e-05,
                8.247e-05,
                9.99e-06,
                -2.95e-06
            ],
            [
                -0.0009817,
                -0.03840781,
                -0.01851003,
                -0.00419581,
                0.00085768,
                0.01449241,
                0.00242376,
                -0.00308595,
                0.00214653,
                0.00064318,
                0.00049119,
                -0.00031348,
                0.0002201,
                -0.00012114,
                6.6e-05,
                -6.662e-05,
                -6.817e-05,
                -3.695e-05,
                0.00859374,
                0.03360521,
                0.01924899,
                0.00193737,
                3.046e-05,
                -0.01627071,
                -0.00802024,
                0.00726112,
                -0.00079492,
                -0.00042122,
                -0.00072614,
                -0.00026821,
                -0.0001924,
                0.0001243,
                0.00024809,
                -4.6e-06,
                -3.097e-05,
                9.45e-06,
                4.882e-05,
                8.171e-05,
                -2.93e-06,
                1.717e-05,
                -1.796e-05,
                -1.711e-05
            ],
            [
                0.05914423,
                -0.01781096,
                -0.28968554,
                0.00797697,
                0.00172718,
                -0.01690628,
                -0.00185153,
                3.074e-05,
                0.00086845,
                -0.00043944,
                -0.00050733,
                0.00016864,
                -0.00029053,
                0.00037955,
                -0.00017818,
                0.00013401,
                3.444e-05,
                2.012e-05,
                -0.072159,
                0.01924899,
                0.3229206,
                0.00368949,
                -0.00254235,
                -0.01869976,
                0.00329693,
                -0.00055396,
                0.0007928,
                1.987e-05,
                2.567e-05,
                -3.69e-05,
                0.00046154,
                0.00022769,
                0.00057339,
                -4.067e-05,
                -4.123e-05,
                2.287e-05,
                0.00020047,
                -0.00018503,
                5.276e-05,
                -0.00012054,
                -1.419e-05,
                3.915e-05
            ],
            [
                -0.12919211,
                -0.0924069,
                -0.08910911,
                -0.01891566,
                -0.01603913,
                -0.01422504,
                0.0023994,
                -0.00716108,
                0.00313622,
                -0.00076336,
                0.00045631,
                0.00021937,
                0.00058172,
                -0.00050724,
                0.00012029,
                -0.0001371,
                0.00029419,
                5.932e-05,
                0.00406099,
                0.00193737,
                0.00368949,
                0.14414265,
                0.11182028,
                0.09783597,
                -0.00126846,
                0.00276452,
                -0.00140103,
                -0.00101716,
                -0.00134102,
                -0.00107644,
                0.00017561,
                0.00024233,
                0.00091488,
                7.2e-07,
                2.333e-05,
                -4.45e-05,
                -3.328e-05,
                -0.00012757,
                -1.888e-05,
                -4.805e-05,
                1.218e-05,
                -7.059e-05
            ],
            [
                -0.09225878,
                -0.11997267,
                -0.09049822,
                -0.01256346,
                -0.0126723,
                -0.00878495,
                -0.00614078,
                0.00865351,
                0.00037716,
                -0.00285909,
                -0.00147788,
                -0.00055651,
                0.00024668,
                -0.00059942,
                2.48e-06,
                0.0002624,
                0.0001223,
                6.85e-06,
                -0.00269944,
                3.046e-05,
                -0.00254235,
                0.11182028,
                0.12745289,
                0.10078087,
                0.00315956,
                -0.00299439,
                0.00068679,
                0.00103345,
                0.00155872,
                0.00093876,
                9.981e-05,
                -0.00017069,
                -0.00035943,
                -1.855e-05,
                5.735e-05,
                4.957e-05,
                -0.00010768,
                -7.457e-05,
                -0.00011054,
                1.264e-05,
                5.253e-05,
                3.61e-05
            ],
            [
                -0.09113854,
                -0.09149006,
                -0.1368015,
                0.00561231,
                0.00577431,
                0.00547545,
                0.00231666,
                -0.000796,
                0.00060241,
                0.00069344,
                0.00030707,
                0.00053048,
                2.212e-05,
                8.188e-05,
                -9.208e-05,
                -7.29e-06,
                4.436e-05,
                0.0001283,
                -0.01565841,
                -0.01627071,
                -0.01869976,
                0.09783597,
                0.10078087,
                0.14761332,
                0.00010204,
                0.001613,
                0.00102628,
                -0.00012802,
                -0.00014376,
                -0.00012099,
                0.00038838,
                0.00018205,
                0.00049278,
                -3.523e-05,
                -1.176e-05,
                -2.209e-05,
                4.181e-05,
                -0.00012062,
                -8.276e-05,
                -5.037e-05,
                2.554e-05,
                -2.39e-05
            ],
            [
                -0.00814143,
                -0.00017928,
                0.02525914,
                -0.05328514,
                0.00036506,
                0.0571186,
                0.00233726,
                -0.0031003,
                -0.01460129,
                0.00227561,
                0.00083095,
                -7.331e-05,
                -6.166e-05,
                3.183e-05,
                -0.00014763,
                -5.778e-05,
                9.173e-05,
                -8.744e-05,
                0.00139851,
                -0.00802024,
                0.00329693,
                -0.00126846,
                0.00315956,
                0.00010204,
                0.05878336,
                0.00932186,
                -0.06814996,
                -0.00022635,
                -1.73e-06,
                -0.00053598,
                -0.00170754,
                -0.00246166,
                -0.00229847,
                -3.795e-05,
                2.55e-05,
                1.384e-05,
                -7.08e-06,
                -6.277e-05,
                9.556e-05,
                -3.913e-05,
                -4.267e-05,
                9.36e-06
            ],
            [
                -0.00508411,
                9.798e-05,
                0.01492475,
                0.0006433,
                -0.03979003,
                -0.01894652,
                0.00184767,
                0.00014665,
                -0.01825606,
                0.00079618,
                0.00042949,
                0.00115831,
                -5.559e-05,
                0.00029004,
                -0.00020782,
                0.00017655,
                -0.00016217,
                0.0001646,
                -0.00811346,
                0.00726112,
                -0.00055396,
                0.00276452,
                -0.00299439,
                0.001613,
                0.00932186,
                0.03623565,
                0.02162045,
                -0.00011467,
                4.518e-05,
                0.00012853,
                -0.00207602,
                -0.00146181,
                -0.00164138,
                3.4e-07,
                -6.743e-05,
                -2.846e-05,
                -0.00011449,
                -6.874e-05,
                -1.82e-05,
                -9.37e-06,
                -3e-06,
                2.521e-05
            ],
            [
                0.00649036,
                0.00109158,
                -0.015513,
                0.05850924,
                -0.01757608,
                -0.28390381,
                0.00153766,
                -0.00340388,
                -0.01958683,
                0.00092289,
                0.00173256,
                0.00170608,
                -7.675e-05,
                -0.00071595,
                -0.00013384,
                0.0002226,
                0.00024024,
                0.0002244,
                0.00337328,
                -0.00079492,
                0.0007928,
                -0.00140103,
                0.00068679,
                0.00102628,
                -0.06814996,
                0.02162045,
                0.31771996,
                -2.482e-05,
                6.454e-05,
                -0.00052546,
                -0.00148391,
                -0.0027326,
                -0.00157618,
                1.11e-06,
                -4.479e-05,
                -3.899e-05,
                4.958e-05,
                -3.714e-05,
                -0.00020913,
                3.22e-05,
                -7.711e-05,
                -1.753e-05
            ],
            [
                -0.00037411,
                -0.00124639,
                -0.001286,
                0.00236173,
                -0.01665591,
                6.065e-05,
                -0.04973916,
                0.0529191,
                -0.00740678,
                -0.02304721,
                0.0326329,
                -0.00104811,
                -0.00599985,
                0.0017294,
                0.00285561,
                -0.00027045,
                -0.0007133,
                0.00043578,
                0.00036654,
                -0.00042122,
                1.987e-05,
                -0.00101716,
                0.00103345,
                -0.00012802,
                -0.00022635,
                -0.00011467,
                -2.482e-05,
                0.07703173,
                -0.0715207,
                0.00785294,
                0.00153599,
                0.00156329,
                -0.00096034,
                -0.00089503,
                0.00100913,
                -0.00024237,
                0.00010029,
                -0.00019976,
                9.5e-07,
                0.00010323,
                -3.173e-05,
                -0.0001438
            ],
            [
                0.00075471,
                -0.00039967,
                -0.00210648,
                -0.00378835,
                -0.0258528,
                -0.00174289,
                0.06187669,
                -0.24010225,
                0.02991199,
                0.00924443,
                -0.00353368,
                -0.00102144,
                0.00115747,
                -0.00049893,
                -0.00045637,
                -0.00010947,
                0.00065044,
                -0.0001844,
                0.00062581,
                -0.00072614,
                2.567e-05,
                -0.00134102,
                0.00155872,
                -0.00014376,
                -1.73e-06,
                4.518e-05,
                6.454e-05,
                -0.0715207,
                0.27982774,
                -0.02910496,
                0.00301885,
                -0.01107967,
                0.00489023,
                -9.52e-06,
                -5.685e-05,
                2.806e-05,
                0.00014968,
                0.00011663,
                -0.00012134,
                6.2e-06,
                0.0001375,
                -7.789e-05
            ],
            [
                9.563e-05,
                -0.00084837,
                -0.00056524,
                0.00166177,
                -0.01756298,
                0.00250818,
                -0.00875351,
                0.02733717,
                -0.04657524,
                0.00656165,
                -0.01023262,
                0.00211918,
                0.00215756,
                0.0001005,
                -0.00014988,
                -0.0001135,
                0.00033824,
                0.00016039,
                0.0003285,
                -0.00026821,
                -3.69e-05,
                -0.00107644,
                0.00093876,
                -0.00012099,
                -0.00053598,
                0.00012853,
                -0.00052546,
                0.00785294,
                -0.02910496,
                0.05011861,
                -0.00822518,
                0.02963698,
                -0.00714706,
                0.00036835,
                -0.0003392,
                0.0001702,
                -0.00021148,
                -9.321e-05,
                -6.736e-05,
                -0.00012296,
                -5.175e-05,
                6.822e-05
            ],
            [
                0.00069763,
                4.262e-05,
                -0.00129818,
                0.0004989,
                0.00204947,
                -0.0166439,
                -0.0393242,
