{
  "success": true,
  "input_data": {
    "structure": {
      "extras": {},
      "symbols": [
        "C",
        "C",
        "C",
        "O",
        "C",
        "C",
        "H",
        "H",
        "H",
        "H",
        "H",
        "H",
        "H",
        "H"
      ],
      "geometry": [
        [
          -1.3099796875485101,
          -1.1167517179467257,
          0.6038766411930034
        ],
        [
          -1.8611033904390537,
          1.2165738948399727,
          -0.9078255314828502
        ],
        [
          -2.054208488970921,
          3.5206146334316584,
          0.04881223922644641
        ],
        [
          5.110452143765651,
          -0.4782456581254432,
          -1.300295855837428
        ],
        [
          3.412567248712952,
          -0.7571149849226888,
          0.18071249930153302
        ],
        [
          1.1354525379070532,
          -2.4062796578601615,
          -0.25742439190109534
        ],
        [
          -1.1798497740383518,
          -0.6294634335552727,
          2.6074792718798094
        ],
        [
          -2.8668994821067604,
          -2.459739163252983,
          0.41430476724163445
        ],
        [
          -2.06704309856629,
          0.9496040492189265,
          -2.9342446175109336
        ],
        [
          -2.4299841169137375,
          5.144206689126432,
          -1.13524065319976
        ],
        [
          -1.8458291549037311,
          3.8584378328603917,
          2.0591176466306482
        ],
        [
          3.455541725244974,
          0.2203507012457774,
          2.0378893743999686
        ],
        [
          1.075472109802126,
          -2.921498580998805,
          -2.252047070410683
        ],
        [
          1.4254120500232539,
          -4.140694318085462,
          0.8348854326456177
        ]
      ],
      "charge": 0,
      "multiplicity": 1,
      "identifiers": {
        "extras": {},
        "name": null,
        "name_IUPAC": null,
        "smiles": null,
        "canonical_smiles": null,
        "canonical_smiles_program": null,
        "canonical_explicit_hydrogen_smiles": null,
        "canonical_isomeric_smiles": null,
        "canonical_isomeric_explicit_hydrogen_smiles": null,
        "canonical_isomeric_explicit_hydrogen_mapped_smiles": null,
        "inchi": null,
        "inchikey": null,
        "pubchem_cid": null,
        "pubchem_sid": null,
        "pubchem_conformerid": null
      },
      "connectivity": []
    }
  },
  "results": {
    "hessian": [
      [
        0.49254794296500326,
        0.0547828334568361,
        0.022234511312252393,
        -0.07797104212397807,
        0.02050196603212409,
        -0.016904286874721765,
        0.007220158399963846,
        0.0039317455685180715,
        -0.0017470040020121933,
        -0.0013224950827767793,
        -0.0037726974965290624,
        -0.0013130441112120055,
        -0.03250659163477235,
        0.011015704803059257,
        0.011323849030646774,
        -0.15341408973495552,
        0.04673343374119213,
        0.023325331325226354,
        -0.04915845905676029,
        -0.005320584959453383,
        -0.017817488757588727,
        -0.19141214428141268,
        -0.13209893893961658,
        -0.02077919816305865,
        0.0022790358827764505,
        0.0035418300527935735,
        -0.0012221575834130082,
        0.013059326013297182,
        0.0014367549324259198,
        -0.0015504183812868786,
        -0.008336840558432958,
        -0.0016714299406417393,
        0.0009022185574621394,
        0.002591322566621393,
        -0.0006048801499914836,
        0.0004339081744329096,
        0.001491870076723063,
        -0.0009302779764661024,
        0.0001112305864287003,
        -0.005070487967795962,
        0.002453753509975527,
        0.0030026417782122693
      ],
      [
        0.0547828334568361,
        0.5161673226594732,
        0.020792469389423016,
        0.019268481856802792,
        -0.1751095741563452,
        0.06063632204681792,
        0.00723314677812523,
        -0.029682778793462962,
        0.017287936008072324,
        -0.005117722379614175,
        -0.006608930861797419,
        0.0017673169317751337,
        -0.011767179700806114,
        0.016408946518461857,
        0.007645077335897704,
        0.03587931294270816,
        -0.09146300384853186,
        -0.018913847374181232,
        -0.005020984473833109,
        -0.0626105831895915,
        -0.058665366082220144,
        -0.12900907856920002,
        -0.1552416123004598,
        -0.015318359830493757,
        -0.0003380396749075817,
        0.004613673227645769,
        -0.004015434209135578,
        0.0026964860838577086,
        -0.0014090327133337772,
        -0.0018826877636042498,
        -0.0016163643372285705,
        0.0015573087028839688,
        0.0018374617473584055,
        0.0004905511977955055,
        -0.0011332251702249642,
        0.00043717653741773483,
        0.006879814048113691,
        -0.003826835017541338,
        -0.0016879153816809359,
        0.025638787386444935,
        -0.011658489583642273,
        -0.00991729047855428
      ],
      [
        0.022234511312252393,
        0.020792469389423016,
        0.5700491769122288,
        -0.016123268701490362,
        0.06560735240096809,
        -0.13589887253199745,
        0.0016090123533131825,
        -0.008551688742439287,
        0.010938455478051352,
        -0.0012696063953010397,
        -0.0019684952984276977,
        0.0017250899165389172,
        0.0019145489723300223,
        0.008485831945939267,
        0.0013821995063773738,
        0.025629025373828527,
        -0.019728843129967352,
        -0.09223846693399482,
        -0.018277087656507325,
        -0.061489713066584184,
        -0.28885841063079004,
        -0.021169634804311704,
        -0.01695050652085726,
        -0.05123104900264874,
        -0.005266352813760898,
        0.025404242129005574,
        -0.014221014305016922,
        -0.001585891529020928,
        -0.003650498618523238,
        -0.0005804995970593333,
        0.0015542116813177527,
        -0.0018495609542023479,
        0.0010858476009933619,
        -0.0011172767198242585,
        -0.0006709317848984596,
        6.947963061166063e-05,
        0.028101874533381775,
        -0.012494080126930377,
        -0.007014568931396329,
        -0.01623327075889335,
        0.007064375684194119,
        0.004788572534230851
      ],
      [
        -0.07797104212397807,
        0.019268481856802792,
        -0.016123268701490362,
        0.17464166314252705,
        -0.0764895570970649,
        0.041980269160943696,
        -0.057793031661333594,
        0.041557215976087636,
        0.00656046275639151,
        0.00035361437550830444,
        0.0006571451635469151,
        -0.00040768458034620334,
        -0.00012900170272571573,
        0.0004546340922861257,
        -0.00040404947155642213,
        -0.007066868115957773,
        0.027048859397130857,
        -0.015769627795697887,
        -0.0010918059490812088,
        0.002512561095006551,
        -0.0020449391949601487,
        0.0073879530379425875,
        -0.0189980877474318,
        0.014285306805214752,
        -0.04557488806775367,
        -0.0010107845305829095,
        -0.0295122196291261,
        0.0038141682925452473,
        0.005929333437119377,
        0.002584649970223073,
        0.0068163946418811,
        -0.002670479967353788,
        -0.0020605434315051543,
        7.116713355354487e-05,
        3.0507492132482973e-05,
        -0.00012913120588618638,
        0.0014810692089259193,
        -0.00098687851600031,
        -0.0003682758948844085,
        -0.004935495267046012,
        0.0026985914918358665,
        0.0014046609116131117
      ],
      [
        0.02050196603212409,
        -0.1751095741563452,
        0.06560735240096809,
        -0.0764895570970649,
        0.7957738401670869,
        0.13725381475366938,
        0.04131873093607506,
        -0.5063526241530842,
        -0.1689987829141512,
        -0.0010588393472219925,
        -0.00160483202949681,
        0.0009588607849162104,
        0.00045661293312192636,
        0.0035295437278553693,
        -0.00019597489358368086,
        0.010177828622729191,
        -0.019311721267682998,
        0.0048494110744192204,
        -0.0016814845999794136,
        0.005685747507803384,
        -0.0038706909214782682,
        0.005058521217817462,
        -0.021675307821913695,
        0.01242044236950677,
        -0.0014265386152233586,
        -0.06001917068530678,
        -0.035050981394689415,
        0.0014000301212583588,
        -0.01964508058482157,
        -0.013001244287997666,
        0.0011212170683768652,
        -0.0014535086653855163,
        -0.0006160380092924456,
        1.4991096252940723e-05,
        -0.0003027774694629833,
        -9.38914539054226e-05,
        -0.0013936189896539821,
        0.0006407271624900853,
        0.0007612841696427975,
        0.001988412396350798,
        -0.0001631831793577228,
        -1.8658925726537747e-05
      ],
      [
        -0.016904286874721765,
        0.06063632204681792,
        -0.13589887253199745,
        0.041980269160943696,
        0.13725381475366938,
        0.6474902812084591,
        0.006488723983648344,
        -0.16918763665497866,
        -0.18255087881753548,
        0.0010354389291082826,
        0.000681077036313153,
        -0.0005937406850208811,
        -0.001763205232960486,
        -0.0013939602752295625,
        -0.00040834734221852857,
        -0.0009270141147861566,
        -0.007558156271987,
        0.008950234028999166,
        -0.006574996222929345,
        0.028310017700982522,
        -0.019913860803945832,
        0.0014111173746297152,
        -0.0040474799625180476,
        0.003117752118024531,
        -0.029405456671804497,
        -0.030827270208043153,
        -0.32003459779759974,
        -0.0018528741975845642,
        0.019657643169608857,
        0.01016360343809343,
        0.0018306756367175421,
        -0.030073880814243045,
        -0.011264340400543364,
        8.117616080244606e-05,
        3.801174219215951e-05,
        0.00034023115597102015,
        0.0008110054595518469,
        -0.001324294437396725,
        0.0007274770883810217,
        0.0037879053982642565,
        -0.0021623752192783323,
        -0.00012107233139247028
      ],
      [
        0.007220158399963846,
        0.00723314677812523,
        0.0016090123533131825,
        -0.057793031661333594,
        0.04131873093607506,
        0.006488723983648344,
        0.13067789145648995,
        -0.08952007016054021,
        0.05904991342487162,
        -2.3438904712614905e-05,
        0.00039638982477891875,
        -5.6840178747705505e-05,
        -2.350399234311774e-05,
        -0.0007829719341052303,
        -0.00014852035115426774,
        -0.000109327409963357,
        0.00030270580232200626,
        0.00024188601020111786,
        -0.00038304466735599005,
        -0.00019303774350988491,
        0.0005475646900462718,
        -0.0003053402241665466,
        0.0010077902696507203,
        -0.0006690433946448292,
        0.007388800804329867,
        -0.0026913995562814555,
        -0.0020987942259282767,
        -0.04632383841440617,
        0.04374766830122605,
        -0.034303108575528554,
        -0.04019243597130773,
        -0.0012370996517007994,
        -0.030747844727632638,
        -1.0910950789602725e-05,
        0.0002166552147218325,
        0.0001367711848796875,
        6.525742432000626e-06,
        3.6862238039555637e-06,
        -2.784618626661337e-07,
        -0.0001306823785411377,
        0.00019687706474036902,
        -4.228884848519211e-05
      ],
      [
        0.0039317455685180715,
        -0.029682778793462962,
        -0.008551688742439287,
        0.041557215976087636,
        -0.5063526241530842,
        -0.16918763665497866,
        -0.08952007016054021,
        0.8349099479710037,
        0.0841093399648013,
        0.0009164462890051779,
        0.0011237090756559748,
        -0.0006992347165374062,
        -0.001343310779111631,
        -0.0022654638383632856,
        0.00020468644844173095,
        -0.0014667633368525643,
        -0.0005008037553662461,
        0.0024745620961942193,
        -0.00034805185926029924,
        0.0016133672817731156,
        -0.0016143546328288498,
        0.001006132516000821,
        -0.001709635849140326,
        0.0010517569640543566,
        0.0009411829844720507,
        -0.0018633018019702692,
        -8.018965871580304e-05,
        0.044474893528776,
        -0.2323871508366867,
        0.13589959019387116,
        -0.0016878586599333766,
        -0.06271727822938564,
        -0.04350320680178496,
        0.00025215457437664383,
        0.0001509670800817225,
        0.00025895708073312535,
        0.0002668926778397234,
        -0.00019714986680907702,
        -0.00012808113723866864,
        0.0010318098692232891,
        -0.0001306184228694287,
        -0.0002353529100369755
      ],
      [
        -0.0017470040020121933,
        0.017287936008072324,
        0.010938455478051352,
        0.00656046275639151,
        -0.1689987829141512,
        -0.18255087881753548,
        0.05904991342487162,
        0.0841093399648013,
        0.6648557968612642,
        -0.00046471414994918227,
        -0.00024019146789050299,
        -2.7930800186298866e-05,
        0.0007599753422903265,
        0.00040373178024689113,
        0.0006031982714698422,
        -0.0002769110791223648,
        0.0021175666658973568,
        -0.001996348417941943,
        0.0001685895560399518,
        0.0011726966440259662,
        0.0016376377517128096,
        -0.00010735978259433086,
        0.003553458868855722,
        -0.0012570270787478695,
        0.0020339694221088236,
        -0.0319346691724646,
        -0.010218113762658885,
        -0.03342780658317569,
        0.1304833439629421,
        -0.15693799517607127,
        -0.03127880970186235,
        -0.038856058722782666,
        -0.3253919278373578,
        -0.00011472770236708042,
        8.302563997262489e-05,
        -0.00022912487276709344,
        -0.0002057724214071639,
        0.0002196348132503041,
        0.0002824432447252781,
        -0.0009458305950269674,
        0.0005917236759495879,
        0.00030709744869523325
      ],
      [
        -0.0013224950827767793,
        -0.005117722379614175,
        -0.0012696063953010397,
        0.00035361437550830444,
        -0.0010588393472219925,
        0.0010354389291082826,
        -2.3438904712614905e-05,
        0.0009164462890051779,
        -0.00046471414994918227,
        0.5174239236972309,
        0.09698147501398807,
        -0.40291646202434417,
        -0.476576502481245,
        -0.07716426113463545,
        0.3419651945877833,
        -0.035692512645875606,
        -0.019949874355881605,
        0.03301649478237752,
        -9.195127653709004e-05,
        0.0003003239487827791,
        0.00021651258791412556,
        -0.0018598694199252674,
        0.0012583674594516493,
        0.000622742884203172,
        -0.00010321313455200303,
        0.00014785758928194685,
        -0.00021695405184274196,
        -0.00015133666462708998,
        0.00025578306828224334,
        -6.297511240699636e-05,
        3.1999909051423644e-05,
        -0.00010040870664648938,
        3.0052939930340757e-05,
        0.001003451471603563,
        0.002466229181551864,
        0.027853298009997085,
        0.0023278177883835445,
        0.0034145265270274032,
        0.00011148379146083324,
        -0.005349599893172076,
        -0.0023503256569902924,
        8.023804995413005e-05
      ],
      [
        -0.0037726974965290624,
        -0.006608930861797419,
        -0.0019684952984276977,
        0.0006571451635469151,
        -0.00160483202949681,
        0.000681077036313153,
        0.00039638982477891875,
        0.0011237090756559748,
        -0.00024019146789050299,
        0.09698147501398807,
        0.0565084876548325,
        -0.045536240164720784,
        -0.07461912536965776,
        -0.0875461355171305,
        0.03774916114535837,
        -0.03000484469923531,
        0.01475777124707902,
        0.01745381834316797,
        -0.00032485292981144435,
        0.00017699873640587268,
        0.00034134026334424716,
        -0.0021384752005399552,
        0.001272520835451585,
        0.0008060673954458164,
        -0.000168453508742719,
        3.7925784071446306e-05,
        -0.00015979444847361458,
        -3.5758790460298825e-05,
        0.00017270521671036896,
        2.09072788758125e-05,
        -0.00019727402853900254,
        -2.734685094482401e-05,
        8.506366102898594e-05,
        0.009573490680998751,
        0.020015104613190622,
        -0.01105467333341979,
        0.002323220249318289,
        0.001378331143329152,
        0.0013566742954912053,
        0.001328635853098592,
        0.0003428788075839335,
        0.00046684322294081906
      ],
      [
        -0.0013130441112120055,
        0.0017673169317751337,
        0.0017250899165389172,
        -0.00040768458034620334,
        0.0009588607849162104,
        -0.0005937406850208811,
        -5.6840178747705505e-05,
        -0.0006992347165374062,
        -2.7930800186298866e-05,
        -0.40291646202434417,
        -0.045536240164720784,
        0.4135011958737917,
        0.3463881017009711,
        0.040098994046537315,
        -0.39681223387922226,
        0.01670737585121766,
        0.005881254053437153,
        0.011798859265519596,
        -0.0011006737142524679,
        8.764275838760155e-05,
        0.0006342967875862513,
        0.0004942154722110278,
        -0.0004281254921999903,
        -9.327453636414749e-05,
        0.0002752881332052981,
        -0.00010223116030052306,
        0.00036520952463983995,
        9.804687462838468e-05,
        -0.00012838450219474325,
        0.00015583648381231618,
        -0.00013863269111202343,
        0.00017933849522754747,
        0.0002449298473909975,
        0.04127017216784471,
        -0.0026536096780123905,
        -0.03467675473053501,
        0.002879073796048337,
        0.0023875252187496795,
        0.00284961909633921,
        -0.00214820309521091,
        -0.0018132361135989648,
        0.0009287025728182699
      ],
      [
        -0.03250659163477235,
        -0.011767179700806114,
        0.0019145489723300223,
        -0.00012900170272571573,
        0.00045661293312192636,
        -0.001763205232960486,
        -2.350399234311774e-05,
        -0.001343310779111631,
        0.0007599753422903265,
        -0.476576502481245,
        -0.07461912536965776,
        0.3463881017009711,
        0.7043619193548901,
        0.14992458452150814,
        -0.29050743914232513,
        -0.13980632862604897,
        -0.04863001711255531,
        -0.03002416115152476,
        0.0014068261188517899,
        -0.0012069592679538272,
        -0.0017516776476193107,
        -0.0018839478813549833,
        0.001785914024252698,
        -0.00013483015854225935,
        0.00022272449477123125,
        2.0746540727444937e-05,
        0.00016679186398447384,
        -0.0001058936129698644,
        -0.00043351191810852397,
        6.359853871131974e-05,
        0.0002895001588201112,
        0.00010131766955592617,
        -0.0001316111507294213,
        -0.05975981119322333,
        -0.01539334743108917,
        -0.029200146514068742,
        -0.0007708282801918746,
        -0.002336953827788346,
        0.0013269817075673418,
        0.005315476429428123,
        0.003440886451401042,
        0.002891535813371754
      ],
      [
        0.011015704803059257,
        0.016408946518461857,
        0.008485831945939267,
        0.0004546340922861257,
        0.0035295437278553693,
        -0.0013939602752295625,
        -0.0007829719341052303,
        -0.0022654638383632856,
        0.00040373178024689113,
        -0.07716426113463545,
        -0.0875461355171305,
        0.040098994046537315,
        0.14992458452150814,
        0.3399618901415738,
        0.07925265987550872,
        -0.050604527074020716,
        -0.12832851551292557,
        -0.02835913310994851,
        0.0006337775014907312,
        -0.00015591939979377938,
        -0.0010760722878611548,
        0.005818714745164814,
        -0.0024561355050095974,
        -0.0024151447302683624,
        5.6614069979133786e-05,
        8.105956904692153e-06,
        0.00017260107650156795,
        -0.00019478096004852882,
        -0.00034703932212145727,
        -9.015938577041876e-05,
        0.0005106583056138413,
        -8.210663092892e-06,
        -0.00032029000392360426,
        -0.011163652100075413,
        -0.11436072359084948,
        -0.08967491306752344,
        -0.006663208639578675,
        -0.007624292025581656,
        -0.0014955615004627173,
        -0.021835315856861742,
        -0.01681079868113575,
        -0.0035834928838500233
      ],
      [
        0.011323849030646774,
        0.007645077335897704,
        0.0013821995063773738,
        -0.00040404947155642213,
        -0.00019597489358368086,
        -0.00040834734221852857,
        -0.00014852035115426774,
        0.00020468644844173095,
        0.0006031982714698422,
        0.3419651945877833,
        0.03774916114535837,
        -0.39681223387922226,
        -0.29050743914232513,
        0.07925265987550872,
        0.7075797250274902,
        -0.034224152610400446,
        -0.026873875547373548,
        -0.10019594593598907,
        0.0025347075946125976,
        0.00038135380391144606,
        -0.0007462528888527675,
        0.003057601808781292,
        -0.0016187752148986779,
        -0.0002511092104328543,
        -0.00024385278860104966,
        1.6878637537477248e-05,
        -0.0004965337238156621,
        -9.899998393068239e-05,
        -2.9943705906976577e-05,
        -0.0003390875946020799,
        0.0004129855433659909,
        -0.0002578155002920741,
        -0.00059362465924477,
        -0.022210428747472054,
        -0.08645990106922019,
        -0.20332999052724143,
        -0.03007665786289529,
        -0.023080285452059243,
        -0.008081853257181016,
        0.018588082085583976,
        0.013271854035518414,
        0.0017048196474729255
      ],
      [
        -0.15341408973495552,
        0.03587931294270816,
        0.025629025373828527,
        -0.007066868115957773,
        0.010177828622729191,
        -0.0009270141147861566,
        -0.000109327409963357,
        -0.0014667633368525643,
        -0.0002769110791223648,
        -0.035692512645875606,
        -0.03000484469923531,
        0.01670737585121766,
        -0.13980632862604897,
        -0.050604527074020716,
        -0.034224152610400446,
        0.4493098700600859,
        0.0026952560160755142,
        0.007925284179366731,
        0.0013884428250909397,
        -0.0006444422512432177,
        0.0012418252966648934,
        -0.02502356353851315,
        0.014300722509822433,
        0.010860655172101767,
        0.0006519784083913267,
        -0.0008176558589457411,
        0.000280565325090468,
        0.00023959747251475413,
        -2.9273869292209693e-05,
        8.356473534699426e-05,
        -4.657684988158669e-05,
        0.0001475202655621296,
        6.701295091051099e-05,
        0.003009042191581844,
        -0.005253604481610698,
        0.005602273187664846,
        -0.048924138493141006,
        -0.0018776666420219053,
        -0.011770647102826222,
        -0.04451747215871177,
        0.02749117965257409,
        -0.021196940586376632
      ],
      [
        0.04673343374119213,
        -0.09146300384853186,
        -0.019728843129967352,
        0.027048859397130857,
        -0.019311721267682998,
        -0.007558156271987,
        0.00030270580232200626,
        -0.0005008037553662461,
        0.0021175666658973568,
        -0.019949874355881605,
        0.01475777124707902,
        0.005881254053437153,
        -0.04863001711255531,
        -0.12832851551292557,
        -0.026873875547373548,
        0.0026952560160755142,
        0.5031526219283539,
        0.0019375522144028275,
        0.007330920709190058,
        -0.004562378196653369,
        -0.0023374739982266724,
        -0.016579619869141794,
        0.009870715185116029,
        0.005591582332112733,
        -0.0011120970532637053,
        0.0013455961331638963,
        -0.0004019728577800177,
        -0.0021972757019851044,
        -0.0008115843149787597,
        0.00016272848566073348,
        0.0011284093576684011,
        8.187033453122695e-05,
        -9.065291980343682e-05,
        -0.015393255459437372,
        0.004807389545077341,
        -0.007910953302500544,
        -0.0012815401769797426,
        -0.06139704186425581,
        -0.06384995921042168,
        0.019903424992858895,
        -0.22765203590534536,
        0.11305014396616847
      ],
      [
        0.023325331325226354,
        -0.018913847374181232,
        -0.09223846693399482,
        -0.015769627795697887,
        0.0048494110744192204,
        0.008950234028999166,
        0.00024188601020111786,
        0.0024745620961942193,
        -0.001996348417941943,
        0.03301649478237752,
        0.01745381834316797,
        0.011798859265519596,
        -0.03002416115152476,
        -0.02835913310994851,
        -0.10019594593598907,
        0.007925284179366731,
        0.0019375522144028275,
        0.5991150533043672,
        0.02835847712214208,
        -0.014947226058024657,
        -0.008799382974693551,
        -0.004129788648091217,
        0.0022307489261508655,
        0.0007366917989218207,
        -0.00032800798195257086,
        0.0004647058725005186,
        0.0003715422680979197,
        0.0011867240896103665,
        0.0007036204908744065,
        0.00026733725465501884,
        -0.00040912612986695963,
        5.837341693055576e-05,
        0.00038382288902502723,
        -0.017106468581347994,
        -0.02282521495183614,
        -0.0012106689799027052,
        -0.008647339967780679,
        -0.06139386120154703,
        -0.299247999312448,
        -0.017634087025532284,
        0.11625939203030627,
        -0.11797180117848534
      ],
      [
        -0.04915845905676029,
        -0.005020984473833109,
        -0.018277087656507325,
        -0.0010918059490812088,
        -0.0016814845999794136,
        -0.006574996222929345,
        -0.00038304466735599005,
        -0.00034805185926029924,
        0.0001685895560399518,
        -9.195127653709004e-05,
        -0.00032485292981144435,
        -0.0011006737142524679,
        0.0014068261188517899,
        0.0006337775014907312,
        0.0025347075946125976,
        0.0013884428250909397,
        0.007330920709190058,
        0.02835847712214208,
        0.05199321610014877,
        0.0015194016845668607,
        0.01865837962716979,
        -0.0013625586063993594,
        -0.004973935031156142,
        -0.023523798862815963,
        0.001225545465328025,
        0.0013680771884967767,
        -0.0004675702942219739,
        -0.00016043082155661336,
        -2.7216817178671273e-05,
        0.00011856391071088825,
        0.00022049538492140925,
        0.00017000492901365802,
        0.00023380439041043938,
        -0.0003575354100140369,
        -0.0005323890845103459,
        -0.0007890669662171339,
        -0.0048432707639556654,
        0.0021964500087942552,
        0.0011888719814169102,
        0.0012171534058388264,
        -0.00031012614593627726,
        -0.000529133854016185
      ],
      [
        -0.005320584959453383,
        -0.0626105831895915,
        -0.061489713066584184,
        0.002512561095006551,
        0.005685747507803384,
        0.028310017700982522,
        -0.00019303774350988491,
        0.0016133672817731156,
        0.0011726966440259662,
        0.0003003239487827791,
        0.00017699873640587268,
        8.764275838760155e-05,
        -0.0012069592679538272,
        -0.00015591939979377938,
        0.00038135380391144606,
        -0.0006444422512432177,
        -0.004562378196653369,
        -0.014947226058024657,
        0.0015194016845668607,
        0.0690948642349839,
        0.06468533121491563,
        -0.0005770932500665325,
        -0.0050758749950576,
        -0.019828866050908268,
        0.0011168389347617114,
        -0.004002185763441883,
        0.002737713084249211,
        -9.230473066968115e-05,
        0.00023888037662044774,
        -0.00023715696936065233,
        -8.875830377645132e-05,
        -0.00013148465433449071,
        -0.0009267244748304307,
        0.0002417750782395701,
        0.00036465231792480815,
        0.0002809739622141347,
        0.002856930135182697,
        -0.0006332650071479582,
        -0.00024462280356885035,
        -0.0004265639550473568,
        -1.9376304610538587e-06,
        1.8694016449070426e-05
      ],
      [
        -0.017817488757588727,
        -0.058665366082220144,
        -0.28885841063079004,
        -0.0020449391949601487,
        -0.0038706909214782682,
        -0.019913860803945832,
        0.0005475646900462718,
        -0.0016143546328288498,
        0.0016376377517128096,
        0.00021651258791412556,
        0.00034134026334424716,
        0.0006342967875862513,
        -0.0017516776476193107,
        -0.0010760722878611548,
        -0.0007462528888527675,
        0.0012418252966648934,
        -0.0023374739982266724,
        -0.008799382974693551,
        0.01865837962716979,
        0.06468533121491563,
        0.31639154690194404,
        -0.0007687471739540168,
        -0.000807095956876297,
        -0.0027771457177141862,
        -0.0006290716658054835,
        0.002806993207123902,
        -0.0005557300747875121,
        0.0001653313541539651,
        -1.6311526183024175e-05,
        0.0005195368243936167,
        -0.00013423446522832397,
        0.0009192631684573961,
        0.0007337127663727438,
        0.0007632203851553649,
        0.0007889636749774237,
        0.0003361280883421567,
        0.0012673119148310192,
        -0.0009524977615604571,
        0.0008610442639018577,
        0.0002859404314110849,
        -0.00020206369992223068,
        0.0005379257779484234
      ],
      [
        -0.19141214428141268,
        -0.12900907856920002,
        -0.021169634804311704,
        0.0073879530379425875,
        0.005058521217817462,
        0.0014111173746297152,
        -0.0003053402241665466,
        0.001006132516000821,
        -0.00010735978259433086,
        -0.0018598694199252674,
        -0.0021384752005399552,
        0.0004942154722110278,
        -0.0018839478813549833,
        0.005818714745164814,
        0.003057601808781292,
        -0.02502356353851315,
        -0.016579619869141794,
        -0.004129788648091217,
        -0.0013625586063993594,
        -0.0005770932500665325,
        -0.0007687471739540168,
        0.21198909494274037,
        0.13773584468949177,
        0.021249570338278855,
        0.00014288291338375897,
        -0.0006523421916478887,
        0.0003414299003310326,
        -0.0008004287195953817,
        6.79316769645206e-05,
        6.220962527436211e-05,
        0.00030488008291787265,
        0.00010018910664097142,
        -7.216803274106404e-06,
        0.0005462516178483335,
        -0.0003384664322153416,
        -0.00013372678171041387,
        0.000942122510268852,
        -0.00026906773665725983,
        0.00044678639885441533,
        0.0013348352376615683,
        -0.00022056330244888864,
        -0.0007475968069277686
      ],
      [
        -0.13209893893961658,
        -0.1552416123004598,
        -0.01695050652085726,
        -0.0189980877474318,
        -0.021675307821913695,
        -0.0040474799625180476,
        0.0010077902696507203,
        -0.001709635849140326,
        0.003553458868855722,
        0.0012583674594516493,
        0.001272520835451585,
        -0.0004281254921999903,
        0.001785914024252698,
        -0.0024561355050095974,
        -0.0016187752148986779,
        0.014300722509822433,
        0.009870715185116029,
        0.0022307489261508655,
        -0.004973935031156142,
        -0.0050758749950576,
        -0.000807095956876297,
        0.13773584468949177,
        0.17313887917899626,
        0.017176525086458682,
        0.0005944034468932044,
        0.0007945569663550677,
        0.0002925836145676853,
        0.002286045820581441,
        -0.000453416847474615,
        -0.00042537228542978574,
        -0.0013286983230743911,
        -9.326831059079876e-05,
        0.00027297073056975593,
        -2.692760170748445e-05,
        0.0002923492990978788,
        0.0002851998473718579,
        -0.0007487420662348933,
        0.0003748821125117315,
        0.00010841674911573368,
        -0.0007944284890322532,
        0.0009628435819234912,
        0.00035577040326866146
      ],
      [
        -0.02077919816305865,
        -0.015318359830493757,
        -0.05123104900264874,
        0.014285306805214752,
        0.01242044236950677,
        0.003117752118024531,
        -0.0006690433946448292,
        0.0010517569640543566,
        -0.0012570270787478695,
        0.000622742884203172,
        0.0008060673954458164,
        -9.327453636414749e-05,
        -0.00013483015854225935,
        -0.0024151447302683624,
        -0.0002511092104328543,
        0.010860655172101767,
        0.005591582332112733,
        0.0007366917989218207,
        -0.023523798862815963,
        -0.019828866050908268,
        -0.0027771457177141862,
        0.021249570338278855,
        0.017176525086458682,
        0.05052380680962147,
        -0.0002363360162472425,
        -0.0007855593089125077,
        0.0002514270078635179,
        -0.0009025166871088047,
        0.00017321176826948757,
        0.000439094455877649,
        4.303707324625955e-05,
        0.00013967211227216075,
        0.00014402138093813882,
        0.00037754702649621337,
        0.0005477528781953321,
        6.0372456156038205e-05,
        -0.0002519564815881618,
        0.00048817137824473406,
        0.00018910758258639773,
        -0.0009427156566755087,
        -4.747576665675075e-05,
        0.00014761082226543614
      ],
      [
        0.0022790358827764505,
        -0.0003380396749075817,
        -0.005266352813760898,
        -0.04557488806775367,
        -0.0014265386152233586,
        -0.029405456671804497,
        0.007388800804329867,
        0.0009411829844720507,
        0.0020339694221088236,
        -0.00010321313455200303,
        -0.000168453508742719,
        0.0002752881332052981,
        0.00022272449477123125,
        5.6614069979133786e-05,
        -0.00024385278860104966,
        0.0006519784083913267,
        -0.0011120970532637053,
        -0.00032800798195257086,
        0.001225545465328025,
        0.0011168389347617114,
        -0.0006290716658054835,
        0.00014288291338375897,
        0.0005944034468932044,
        -0.0002363360162472425,
        0.030187512851247548,
        -0.0005096432215677193,
        0.033281009320917807,
        -0.00774149687826871,
        -0.001209786335035168,
        0.0011134792810690536,
        0.011196420724110714,
        0.0018743372682269177,
        -0.001025974621653994,
        7.986478654269214e-05,
        3.531032253665961e-05,
        -3.265135133582479e-06,
        -6.203756753807939e-05,
        0.0002555889373495287,
        0.00024119183647233853,
        0.0001068866238195561,
        -0.00010923628728065099,
        0.00019503083995171436
      ],
      [
        0.0035418300527935735,
        0.004613673227645769,
        0.025404242129005574,
        -0.0010107845305829095,
        -0.06001917068530678,
        -0.030827270208043153,
        -0.0026913995562814555,
        -0.0018633018019702692,
        -0.0319346691724646,
        0.00014785758928194685,
        3.7925784071446306e-05,
        -0.00010223116030052306,
        2.0746540727444937e-05,
        8.105956904692153e-06,
        1.6878637537477248e-05,
        -0.0008176558589457411,
        0.0013455961331638963,
        0.0004647058725005186,
        0.0013680771884967767,
        -0.004002185763441883,
        0.002806993207123902,
        -0.0006523421916478887,
        0.0007945569663550677,
        -0.0007855593089125077,
        -0.0005096432215677193,
        0.06272852423997748,
        0.03789237551042571,
        -0.0012066904277408877,
        0.0009063582722568709,
        0.00040397656633551376,
        0.0019289777680533736,
        -0.004252774838810123,
        -0.002299311953131251,
        -7.968820097124506e-05,
        -8.154178349204275e-05,
        -9.294626831466438e-05,
        0.0002288571645129425,
        -0.0002067630268444222,
        -0.0006478234121529104,
        -0.000266923806706484,
        -9.198297138322935e-06,
        -0.00030276049008111133
      ],
      [
        -0.0012221575834130082,
        -0.004015434209135578,
        -0.014221014305016922,
        -0.0295122196291261,
        -0.035050981394689415,
        -0.32003459779759974,
        -0.0020987942259282767,
        -8.018965871580304e-05,
        -0.010218113762658885,
        -0.00021695405184274196,
        -0.00015979444847361458,
        0.00036520952463983995,
        0.00016679186398447384,
        0.00017260107650156795,
        -0.0004965337238156621,
        0.000280565325090468,
        -0.0004019728577800177,
        0.0003715422680979197,
        -0.0004675702942219739,
        0.002737713084249211,
        -0.0005557300747875121,
        0.0003414299003310326,
        0.0002925836145676853,
        0.0002514270078635179,
        0.033281009320917807,
        0.03789237551042571,
        0.34193930442630804,
        0.0010881548159997851,
        -2.716474707427002e-05,
        0.001086197942239277,
        -0.00098834038771874,
        -0.002018897178560029,
        0.0008412938469107821,
        7.232254511607832e-05,
        0.00013190942187093848,
        7.294512245130992e-05,
        -0.000660420415562195,
        0.0004441042224983662,
        0.00030282501173222023,
        -6.385096552179033e-05,
        8.263016186990569e-05,
        0.0002967053595166068
      ],
      [
        0.013059326013297182,
        0.0026964860838577086,
        -0.001585891529020928,
        0.0038141682925452473,
        0.0014000301212583588,
        -0.0018528741975845642,
        -0.04632383841440617,
        0.044474893528776,
        -0.03342780658317569,
        -0.00015133666462708998,
        -3.5758790460298825e-05,
        9.804687462838468e-05,
        -0.0001058936129698644,
        -0.00019478096004852882,
        -9.899998393068239e-05,
        0.00023959747251475413,
        -0.0021972757019851044,
        0.0011867240896103665,
        -0.00016043082155661336,
        -9.230473066968115e-05,
        0.0001653313541539651,
        -0.0008004287195953817,
        0.002286045820581441,
        -0.0009025166871088047,
        -0.00774149687826871,
        -0.0012066904277408877,
        0.0010881548159997851,
        0.03560758510289128,
        -0.049064677968837025,
        0.03667945131487356,
        0.0020381315638371084,
        0.0021992685861846615,
        -0.0011301510531374192,
        1.482894315608309e-05,
        7.135839921556633e-05,
        2.377962430880479e-05,
        -3.1613911103580273e-05,
        3.8529047359792225e-06,
        -6.029095512306329e-05,
        0.0005399415135660816,
        -0.000344034537509881,
        -0.0001852099654781598
      ],
      [
        0.0014367549324259198,
        -0.0014090327133337772,
        -0.003650498618523238,
        0.005929333437119377,
        -0.01964508058482157,
        0.019657643169608857,
        0.04374766830122605,
        -0.2323871508366867,
        0.1304833439629421,
        0.00025578306828224334,
        0.00017270521671036896,
        -0.00012838450219474325,
        -0.00043351191810852397,
        -0.00034703932212145727,
        -2.9943705906976577e-05,
        -2.9273869292209693e-05,
        -0.0008115843149787597,
        0.0007036204908744065,
